7533569517900	0.2825158	-0.031124622	9.76116
7533589628984	0.30885202	-0.038307227	9.713276
7533609770586	0.23942018	-0.12689269	9.703699
7533629881670	0.21547815	-0.035913024	9.715671
7533649992754	0.2681506	-0.079008654	9.725247
7533670103838	0.17956513	0.04070143	9.746795
7533690214922	0.21547815	0.045489833	9.78989
7533710326006	0.2633622	-0.04070143	9.734824
7533730498125	0.23702596	0.021547815	9.770737
7533750578691	0.25617957	0.02633622	9.694122
7533770689775	0.23463176	-0.04070143	9.758766
7533790800859	0.260968	0.05267244	9.691729
7533810911943	0.18195933	-0.055066638	9.737218
7533831053545	0.21547815	-0.06943185	9.737218
7533851195146	0.24420857	0.019153614	9.725247
7533871306230	0.22984336	-0.009576807	9.749189
7533891447832	0.25857377	-0.08140286	9.744401
7533911558916	0.18435353	-0.05746084	9.749189
7533931670000	0.24420857	0.0023942017	9.773131
7533951811601	0.19393034	-0.021547815	9.765948
7533971922685	0.22266077	-0.038307227	9.68694
7533992064287	0.24660277	-0.06943185	9.689334
7534012175371	0.21068975	-0.08379706	9.794679
7534032347490	0.25617957	-0.0023942017	9.749189
7534052428056	0.2801216	-0.0047884034	9.725247
7534072539140	0.2681506	-0.02873042	9.763555
7534092650224	0.23223756	-0.04070143	9.785102
7534112791826	0.20350714	-0.055066638	9.715671
7534132902910	0.17956513	-0.08140286	9.718064
7534153013994	0.22984336	-0.08379706	9.816227
7534173125078	0.21787235	-0.031124622	9.737218
7534193236162	0.22984336	-0.033518825	9.765948
7534213347246	0.2633622	-0.031124622	9.758766
7534233488847	0.24660277	-0.035913024	9.698911
7534253599931	0.25139117	0.08140286	9.742006
7534273711015	0.24181437	-0.0047884034	9.7084875
7534293822099	0.23223756	-0.038307227	9.64145
7534313933183	0.22984336	-0.06703765	9.753978
7534334074785	0.20829555	-0.023942016	9.765948
7534354185869	0.23463176	-0.038307227	9.792285
7534374327471	0.23463176	-0.011971008	9.713276
7534394438555	0.19871874	0.0023942017	9.742006
7534414549638	0.21068975	-0.059855044	9.749189
7534434721758	0.22984336	-0.031124622	9.737218
7534454832842	0.2825158	0.0	9.698911
7534474943926	0.21787235	0.01436521	9.718064
7534495055010	0.25617957	-0.035913024	9.734824
7534515196611	0.23463176	-0.09816227	9.739613
7534535338213	0.22266077	-0.062249243	9.76116
7534555449297	0.25139117	-0.095768064	9.720459
7534575560381	0.23702596	-0.033518825	9.768343
7534595671465	0.22984336	-0.02633622	9.77792
7534615813066	0.19871874	-0.050278235	9.718064
7534635924150	0.272939	-0.11971009	9.801862
7534656035234	0.21787235	-0.05267244	9.698911
7534676176836	0.22026655	0.0023942017	9.765948
7534696287920	0.25378537	-0.05746084	9.763555
7534716429521	0.2633622	-0.019153614	9.722853
7534736540605	0.23463176	-0.019153614	9.701305
7534756621172	0.260968	-0.011971008	9.7324295
7534776732256	0.23463176	-0.011971008	9.725247
7534796843340	0.272939	0.035913024	9.785102
7534816954424	0.20350714	-0.016759412	9.7324295
7534837126543	0.25378537	-0.074220255	9.715671
7534857268144	0.16759412	-0.079008654	9.825804
7534877379228	0.21068975	-0.076614454	9.715671
7534897520830	0.24899697	-0.06703765	9.787497
7534917662431	0.20111294	-0.059855044	9.753978
7534937804033	0.22505496	0.023942016	9.725247
7534957945635	0.25378537	-0.038307227	9.782708
7534978026201	0.23463176	-0.08619126	9.7803135
7534998167803	0.18674773	-0.04070143	9.7563715
7535018309404	0.20829555	-0.079008654	9.742006
7535038451006	0.18435353	0.01436521	9.7563715
7535058562090	0.23223756	-0.05267244	9.742006
7535078703691	0.20590134	-0.05267244	9.725247
7535098784258	0.2681506	0.021547815	9.749189
7535118925859	0.25617957	-0.079008654	9.7324295
7535139067461	0.21308395	-0.050278235	9.68694
7535159178545	0.18195933	-0.062249243	9.744401
7535179289629	0.23223756	-0.04070143	9.725247
7535199400713	0.25617957	0.031124622	9.65821
7535219511797	0.17717093	-0.011971008	9.751583
7535239622881	0.21308395	-0.047884032	9.7324295
7535259764482	0.272939	-0.05746084	9.91439
7535279906084	0.20590134	-0.02633622	9.646238
7535300047685	0.2633622	0.007182605	9.770737
7535320158769	0.23463176	-0.15322891	9.710882
7535340330888	0.25139117	-0.0023942017	9.655815
7535360411455	0.23463176	-0.05746084	9.782708
7535380522539	0.22744916	-0.033518825	9.797073
7535400633623	0.23702596	-0.090979666	9.782708
7535420775224	0.2825158	-0.02873042	9.682152
7535440886308	0.22505496	-0.016759412	9.768343
7535460997392	0.2896984	0.016759412	9.749189
7535481108476	0.21787235	-0.01436521	9.751583
7535501219560	0.25139117	0.0	9.727641
7535521330644	0.22505496	0.009576807	9.68694
7535541472246	0.17477672	0.0047884034	9.67018
7535561461260	0.23223756	-0.02873042	9.770737
7535581633379	0.21787235	0.0023942017	9.734824
7535601774980	0.24899697	-0.038307227	9.830592
7535621886064	0.24899697	0.023942016	9.801862
7535641997148	0.24420857	-0.02873042	9.701305
7535662138750	0.18195933	-0.045489833	9.76116
7535682249834	0.24181437	-0.08140286	9.691729
7535702360918	0.25378537	-0.047884032	9.727641
7535722472002	0.18674773	-0.055066638	9.665392
7535742613603	0.20590134	0.045489833	9.835381
7535762724687	0.21787235	-0.011971008	9.818622
7535782866289	0.25139117	-0.016759412	9.68694
7535803007890	0.28491	-0.11252748	9.758766
7535823118974	0.22266077	-0.019153614	9.703699
7535843260576	0.23463176	-0.019153614	9.722853
7535863341142	0.30406362	-0.035913024	9.691729
7535883452226	0.2681506	-0.0023942017	9.7084875
7535903563310	0.20111294	-0.023942016	9.655815
7535923704912	0.21787235	-0.06703765	9.77792
7535943815996	0.23702596	0.016759412	9.677363
7535963927080	0.18195933	-0.05746084	9.835381
7535984038164	0.19393034	0.033518825	9.7084875
7536004179765	0.25378537	0.016759412	9.720459
7536024290849	0.17238252	-0.074220255	9.770737
7536044462969	0.18435353	-0.009576807	9.744401
7536064604570	0.23702596	-0.04070143	9.730036
7536084746172	0.21547815	-0.05267244	9.710882
7536104857256	0.22026655	-0.033518825	9.77792
7536124998857	0.25378537	-0.06943185	9.768343
7536145140459	0.21308395	-0.02633622	9.739613
7536165251543	0.2633622	-0.023942016	9.7563715
7536185362627	0.22744916	-0.021547815	9.775525
7536205504228	0.23702596	-0.095768064	9.696517
7536225645830	0.22505496	-0.06464344	9.725247
7536245756914	0.23942018	-0.016759412	9.746795
7536265867998	0.22026655	-0.04070143	9.65821
7536285979082	0.2657564	-0.06703765	9.7084875
7536306090166	0.30166942	-0.009576807	9.737218
7536326231767	0.2896984	-0.019153614	9.696517
7536346342851	0.23702596	-0.06464344	9.727641
7536366484453	0.25857377	0.0023942017	9.7324295
7536386626055	0.23942018	-0.02633622	9.751583
7536406737138	0.21787235	-0.038307227	9.787497
7536426848222	0.25857377	-0.02873042	9.710882
7536447020342	0.2633622	-0.007182605	9.753978
7536467131426	0.19871874	-0.007182605	9.68694
7536487273027	0.24660277	-0.0047884034	9.739613
7536507414629	0.22505496	-0.047884032	9.737218
7536527525713	0.25378537	-0.047884032	9.76116
7536547667314	0.2825158	-0.055066638	9.715671
7536567808916	0.21547815	-0.011971008	9.674969
7536587950517	0.20829555	-0.0023942017	9.6845455
7536608061601	0.21547815	-0.08379706	9.763555
7536628203203	0.21308395	-0.04070143	9.739613
7536648314287	0.21547815	-0.04309563	9.742006
7536668425371	0.22984336	-0.019153614	9.713276
7536688566972	0.24660277	-0.059855044	9.643845
7536708678056	0.18195933	0.050278235	9.76116
7536728819658	0.30645782	-0.045489833	9.737218
7536748961260	0.20350714	-0.047884032	9.744401
7536769102861	0.25617957	-0.023942016	9.737218
7536789183428	0.22026655	-0.062249243	9.698911
7536809294512	0.25139117	-0.10295067	9.737218
7536829405596	0.17477672	-0.06943185	9.706094
7536849577715	0.24660277	-0.01436521	9.691729
7536869688799	0.2753332	-0.062249243	9.751583
7536889830400	0.22744916	0.007182605	9.758766
7536909941484	0.21068975	-0.05746084	9.730036
7536930083086	0.22744916	-0.019153614	9.7084875
7536950194170	0.19393034	-0.05267244	9.7084875
7536970305254	0.21547815	-0.055066638	9.737218
7536990416338	0.24899697	-0.050278235	9.775525
7537010527422	0.24181437	-0.107739076	9.720459
7537030669023	0.25617957	-0.04309563	9.720459
7537050780107	0.2753332	-0.047884032	9.706094
7537070891191	0.21068975	0.01436521	9.751583
7537091032793	0.272939	-0.055066638	9.739613
7537111174394	0.24899697	-0.074220255	9.67018
7537131315996	0.2753332	0.007182605	9.7324295
7537151427080	0.20350714	-0.02873042	9.720459
7537171538164	0.17238252	-0.019153614	9.722853
7537191679765	0.23463176	-0.0023942017	9.715671
7537211760332	0.19153613	-0.088585466	9.7084875
7537231901933	0.23463176	-0.04070143	9.753978
7537252013017	0.21787235	0.01436521	9.706094
7537272154619	0.20350714	-0.035913024	9.718064
7537292265703	0.17477672	-0.035913024	9.751583
7537312376787	0.22026655	-0.0023942017	9.7324295
7537332518388	0.23942018	-0.019153614	9.770737
7537352659990	0.29209262	-0.02633622	9.746795
7537372801592	0.2681506	-0.08619126	9.720459
7537392912676	0.21547815	-0.007182605	9.701305
7537413023760	0.22026655	-0.02633622	9.730036
7537433165361	0.2657564	0.023942016	9.715671
7537453276445	0.19393034	-0.045489833	9.739613
7537473418047	0.23942018	0.0	9.742006
7537493529131	0.19632454	-0.06943185	9.730036
7537513640215	0.17477672	-0.019153614	9.730036
7537533781816	0.22744916	-0.033518825	9.694122
7537553923418	0.2873042	0.016759412	9.742006
7537574003984	0.2633622	-0.019153614	9.655815
7537594115068	0.22026655	-0.01436521	9.77792
7537614256670	0.23223756	-0.045489833	9.730036
7537634367754	0.2705448	-0.06943185	9.809045
7537654539873	0.19871874	-0.038307227	9.722853
7537674681474	0.24899697	-0.045489833	9.703699
7537694823076	0.24899697	0.011971008	9.751583
7537714964678	0.21068975	-0.04070143	9.7084875
7537735106279	0.15801731	-0.0023942017	9.7563715
7537755217363	0.18674773	-0.11971009	9.710882
7537775358965	0.19393034	-0.059855044	9.737218
7537795470049	0.22984336	-0.02873042	9.715671
7537815611650	0.2896984	-0.02633622	9.674969
7537835753252	0.23223756	-0.12928689	9.718064
7537855925371	0.25139117	-0.021547815	9.744401
7537876036455	0.20350714	0.0047884034	9.706094
7537896147539	0.25857377	-0.079008654	9.698911
7537916289140	0.24181437	0.0	9.7084875
7537936369707	0.25857377	-0.0047884034	9.682152
7537956541826	0.23702596	-0.076614454	9.691729
7537976683428	0.2681506	-0.009576807	9.701305
7537996825029	0.25617957	-0.06464344	9.725247
7538016936113	0.20590134	-0.062249243	9.792285
7538037077715	0.18435353	-0.01436521	9.7084875
7538057219316	0.23463176	-0.050278235	9.710882
7538077360918	0.22026655	0.0023942017	9.742006
7538097472002	0.25617957	-0.05746084	9.636662
7538117583086	0.21547815	0.019153614	9.739613
7538137724687	0.19393034	-0.050278235	9.7563715
7538157835771	0.18195933	-0.02633622	9.679757
7538177977373	0.23223756	-0.05746084	9.749189
7538198088457	0.2705448	-0.059855044	9.746795
7538218199541	0.19632454	-0.0047884034	9.679757
7538238341142	0.24420857	-0.050278235	9.775525
7538258482744	0.17477672	-0.01436521	9.706094
7538278563310	0.24899697	-0.038307227	9.744401
7538298674394	0.20590134	0.05746084	9.76116
7538318785478	0.23223756	-0.019153614	9.696517
7538338927080	0.22984336	-0.04070143	9.706094
7538359099199	0.24181437	0.007182605	9.703699
7538379240801	0.22266077	-0.0023942017	9.701305
7538399382402	0.17717093	-0.04309563	9.744401
7538419493486	0.24660277	-0.033518825	9.718064
7538439604570	0.19632454	-0.050278235	9.710882
7538459715654	0.23223756	-0.031124622	9.622296
7538479857256	0.25139117	-0.0047884034	9.765948
7538499968340	0.2753332	-0.04070143	9.770737
7538520079424	0.17956513	-0.088585466	9.742006
7538540221025	0.23223756	-0.079008654	9.840169
7538560362627	0.25857377	-0.06703765	9.758766
7538580504228	0.16998832	-0.05746084	9.749189
7538600645830	0.2705448	-0.01436521	9.706094
7538620787431	0.16280572	-0.05267244	9.725247
7538640898515	0.22505496	-0.009576807	9.706094
7538661070635	0.2681506	-0.059855044	9.682152
7538681181719	0.23463176	-0.11492168	9.713276
7538701323320	0.24420857	-0.045489833	9.768343
7538721434404	0.22266077	-0.038307227	9.6845455
7538741576006	0.18674773	-0.07182605	9.703699
7538761717607	0.22026655	-0.08379706	9.737218
7538781859209	0.25857377	-0.074220255	9.667787
7538802000810	0.25378537	-0.023942016	9.773131
7538822111894	0.22026655	-0.038307227	9.713276
7538842222978	0.21308395	-0.023942016	9.710882
7538862364580	0.24899697	-0.05267244	9.76116
7538882506181	0.19632454	0.0	9.763555
7538902647783	0.17717093	0.016759412	9.7324295
7538922789385	0.20590134	-0.033518825	9.751583
7538942900469	0.25378537	-0.05267244	9.737218
7538963011553	0.22984336	-0.10295067	9.749189
7538983153154	0.2753332	-0.031124622	9.730036
7539003264238	0.2777274	-0.023942016	9.775525
7539023375322	0.18435353	0.047884032	9.746795
7539043486406	0.23463176	-0.023942016	9.715671
7539063658525	0.17717093	-0.047884032	9.725247
7539083800127	0.20111294	-0.021547815	9.768343
7539103941728	0.20111294	-0.047884032	9.710882
7539124083330	0.30645782	0.007182605	9.68694
7539144224931	0.2753332	-0.038307227	9.742006
7539164366533	0.2753332	-0.023942016	9.758766
7539184508135	0.20111294	-0.08379706	9.720459
7539204649736	0.22744916	-0.038307227	9.643845
7539224791338	0.24420857	-0.07182605	9.78989
7539244932939	0.23702596	0.016759412	9.634268
7539265044023	0.2873042	-0.059855044	9.744401
7539285155107	0.18195933	-0.045489833	9.679757
7539305296709	0.24420857	-0.033518825	10.031705
7539325438310	0.20829555	0.059855044	9.222465
7539345518877	0.22026655	-0.08619126	9.964667
7539365660478	0.21068975	-0.15801731	9.552865
7539385771562	0.1604115	0.02633622	9.97185
7539405882646	0.29448682	-0.02633622	9.586384
7539426024248	0.2896984	-0.06703765	9.895236
7539446104814	0.16998832	0.050278235	9.660604
7539466246416	0.23942018	-0.02873042	9.737218
7539486357500	0.21787235	-0.06943185	9.830592
7539506499101	0.22266077	0.019153614	9.746795
7539526640703	0.29688102	0.033518825	9.7084875
7539546782305	0.19871874	-0.007182605	9.832987
7539566923906	0.20350714	-0.009576807	9.722853
7539587065508	0.20350714	-0.093373865	9.662998
7539607176592	0.33039984	-0.12449849	9.758766
7539627318193	0.29688102	-0.095768064	9.68694
7539647459795	0.25378537	-0.0047884034	9.713276
7539667601396	0.10295067	0.10534488	9.801862
7539687712480	0.29209262	-0.02873042	9.6845455
7539707854082	0.35194764	-0.08619126	9.715671
7539727995683	0.1316811	-0.031124622	9.679757
7539748106767	0.19153613	0.050278235	9.718064
7539768278887	0.35194764	-0.07182605	9.768343
7539788389971	0.2896984	-0.02873042	9.593566
7539808531572	0.19153613	-0.095768064	10.201694
7539828612138	0.24899697	0.035913024	9.524135
7539848723222	0.25857377	-0.055066638	9.80665
7539868895342	0.23942018	-0.08140286	10.084377
7539889006426	0.15322891	0.088585466	9.423578
7539909117510	0.22984336	-0.033518825	10.070012
7539929259111	0.24660277	-0.079008654	9.457097
7539949370195	0.21068975	-0.04070143	9.866506
7539969511797	0.18914193	-0.04309563	9.600749
7539989622881	0.20111294	-0.011971008	9.751583
7540009764482	0.23463176	-0.09816227	9.651027
7540029875566	0.19871874	-0.031124622	9.844957
7540049986650	0.22026655	-0.01436521	9.65821
7540070128252	0.16519992	-0.07182605	9.636662
7540090269853	0.22026655	-0.08619126	9.76116
7540110380937	0.20590134	0.009576807	9.715671
7540130492021	0.23702596	-0.0023942017	9.840169
7540150633623	0.2873042	-0.0047884034	9.631873
7540170775224	0.23942018	-0.05746084	9.97185
7540190886308	0.18674773	0.01436521	9.689334
7540210997392	0.29927522	-0.08379706	9.713276
7540231108476	0.29927522	-0.047884032	9.749189
7540251219560	0.17717093	-0.02633622	9.631873
7540271361162	0.21787235	-0.093373865	9.80665
7540291502763	0.21068975	-0.019153614	9.6845455
7540311583330	0.21787235	-0.08619126	9.710882
7540331694414	0.23942018	0.016759412	9.718064
7540351836015	0.17717093	-0.02873042	9.667787
7540371947099	0.260968	-0.031124622	9.7563715
7540392058183	0.23702596	-0.023942016	9.765948
7540412169267	0.2777274	-0.062249243	9.746795
7540432310869	0.23942018	-0.07182605	9.696517
7540452421953	0.30645782	-0.110133275	9.85214
7540472563555	0.23463176	-0.08619126	9.622296
7540492674638	0.21547815	-0.01436521	9.7084875
7540512785722	0.18435353	-0.007182605	9.68694
7540532896806	0.25617957	-0.016759412	9.775525
7540553007890	0.2825158	-0.055066638	9.667787
7540573149492	0.22505496	-0.059855044	9.811439
7540593260576	0.19871874	-0.06703765	9.710882
7540613402178	0.30406362	0.0047884034	9.67018
7540633513262	0.5386954	-0.093373865	9.746795
7540653654863	0.5291186	-0.09816227	9.744401
7540673765947	-0.79726917	0.2896984	9.414001
7540693907549	0.1604115	-0.035913024	9.768343
7540714049150	0.36391866	-0.0047884034	9.674969
7540734160234	0.17477672	-0.023942016	9.679757
7540754271318	0.24181437	-0.1412579	9.773131
7540774443437	0.260968	-0.12449849	9.744401
7540794554521	0.23702596	-0.06943185	9.730036
7540814665605	0.22984336	-0.045489833	9.7084875
7540834807207	0.260968	-0.11971009	9.689334
7540854887773	0.23463176	-0.06943185	9.710882
7540875059892	0.272939	-0.05267244	9.706094
7540895140459	0.2753332	-0.038307227	9.720459
7540915251543	0.23942018	-0.062249243	9.794679
7540935362627	0.2681506	-0.10055647	9.8042555
7540955504228	0.20590134	-0.050278235	9.701305
7540975615312	0.2657564	-0.10055647	9.703699
7540995756914	0.2873042	-0.06943185	9.758766
7541015898515	0.25617957	-0.16998832	9.768343
7541036040117	0.20590134	-0.07182605	9.653421
7541056181719	0.23942018	-0.059855044	9.672575
7541076323320	0.24420857	-0.095768064	9.773131
7541096403887	0.23702596	-0.055066638	9.763555
7541116514971	0.20350714	-0.10534488	9.682152
7541136656572	0.20350714	-0.088585466	9.7563715
7541156767656	0.21787235	-0.08140286	9.744401
7541176909258	0.272939	-0.08379706	9.78989
7541197050859	0.2657564	-0.079008654	9.770737
7541217192461	0.19871874	-0.05746084	9.730036
7541237303545	0.25617957	-0.095768064	9.725247
7541257445146	0.18914193	0.009576807	9.7324295
7541277586748	0.20829555	-0.08379706	9.742006
7541297728349	0.23702596	-0.06943185	9.710882
7541317808916	0.21547815	-0.04070143	9.758766
7541337920000	0.21068975	-0.05746084	9.727641
7541358061601	0.18674773	-0.08379706	9.698911
7541378172685	0.28491	-0.11492168	9.730036
7541398283769	0.2753332	-0.11252748	9.710882
7541418425371	0.23223756	-0.045489833	9.739613
7541438505937	0.2633622	-0.08619126	9.730036
7541458647539	0.22505496	-0.06943185	9.624691
7541478758623	0.17238252	-0.18435353	9.725247
7541498900224	0.25378537	-0.05746084	9.7803135
7541519011308	0.24899697	-0.05746084	9.782708
7541539122392	0.25139117	-0.08140286	9.68694
7541559263994	0.24420857	-0.06464344	9.837775
7541579375078	0.24660277	-0.076614454	9.76116
7541599516680	0.20590134	-0.09816227	9.722853
7541619627763	0.23463176	-0.05746084	9.7563715
7541639738847	0.22744916	-0.1316811	9.787497
7541659849931	0.22026655	-0.07182605	9.734824
7541679991533	0.21547815	-0.16280572	9.832987
7541700102617	0.24660277	-0.10055647	9.768343
7541720213701	0.19871874	-0.059855044	9.7563715
7541740324785	0.23463176	-0.1436521	9.662998
7541760466387	0.18674773	-0.11252748	9.742006
7541780607988	0.18195933	-0.095768064	9.76116
7541800719072	0.22026655	-0.059855044	9.751583
7541820830156	0.21787235	-0.1388637	9.773131
7541840971758	0.260968	-0.10055647	9.746795
7541861052324	0.20111294	-0.062249243	9.773131
7541881224443	0.20111294	-0.050278235	9.653421
7541901335527	0.18195933	-0.079008654	9.742006
7541921446611	0.17956513	-0.07182605	9.730036
7541941557695	0.22505496	-0.05746084	9.68694
7541961699297	0.23223756	-0.10534488	9.773131
7541981810381	0.2657564	-0.11731588	9.751583
7542001921465	0.16519992	-0.093373865	9.706094
7542022063066	0.19871874	-0.10295067	9.701305
7542042204668	0.260968	-0.07182605	9.674969
7542062315752	0.23942018	-0.12210429	9.770737
7542082487871	0.21787235	-0.023942016	9.679757
7542102598955	0.23702596	-0.11971009	9.677363
7542122740556	0.23702596	-0.093373865	9.753978
7542142851640	0.16998832	-0.12689269	9.706094
7542162993242	0.22984336	-0.17238252	9.76116
7542183165361	0.16759412	-0.035913024	9.792285
7542203276445	0.20590134	-0.095768064	9.662998
7542223387529	0.17477672	0.011971008	9.787497
7542243529131	0.24660277	-0.06464344	9.739613
7542263640215	0.260968	-0.08619126	9.715671
7542283812334	0.24899697	-0.107739076	9.811439
7542303953935	0.2633622	-0.05746084	9.706094
7542324065019	0.23463176	-0.05746084	9.665392
7542344176103	0.21068975	-0.14844051	9.7803135
7542364317705	0.22505496	-0.090979666	9.76116
7542384428789	0.21068975	-0.090979666	9.718064
7542404539873	0.22744916	-0.04070143	9.753978
7542424650957	0.20829555	-0.088585466	9.727641
7542444762041	0.25617957	-0.14604631	9.722853
7542464873125	0.17477672	-0.074220255	9.765948
7542485014726	0.22505496	-0.11731588	9.715671
7542505095293	0.23942018	-0.033518825	9.734824
7542525236894	0.21068975	-0.050278235	9.679757
7542545347978	0.24420857	-0.08140286	9.758766
7542565489580	0.25378537	-0.079008654	9.775525
7542585661699	0.22505496	-0.1316811	9.667787
7542605803301	0.29209262	-0.038307227	9.737218
7542625914385	0.21787235	-0.06464344	9.749189
7542646055986	0.2825158	-0.10534488	9.64145
7542666167070	0.22505496	-0.11252748	9.703699
7542686339189	0.15083471	-0.074220255	9.715671
7542706480791	0.24660277	-0.11731588	9.710882
7542726622392	0.2657564	-0.08379706	9.651027
7542746733476	0.21068975	-0.12689269	9.785102
7542766875078	0.2801216	-0.14604631	9.758766
7542787016680	0.24420857	-0.08619126	9.718064
7542807158281	0.23463176	-0.10295067	9.856929
7542827269365	0.22984336	-0.08140286	9.665392
7542847380449	0.2896984	-0.10295067	9.710882
7542867522051	0.21308395	-0.08140286	9.746795
7542887663652	0.23702596	-0.12928689	9.734824
7542907744219	0.18195933	-0.08619126	9.77792
7542927885820	0.17717093	-0.047884032	9.672575
7542947996904	0.25617957	-0.12689269	9.7084875
7542968138506	0.20590134	-0.08379706	9.665392
7542988310625	0.21068975	0.0047884034	9.792285
7543008421709	0.25139117	-0.08379706	9.607931
7543028563310	0.2681506	-0.16280572	9.758766
7543048674394	0.22266077	-0.12689269	9.739613
7543068785478	0.20829555	0.0023942017	9.720459
7543088957597	0.29448682	-0.06943185	9.753978
7543109099199	0.29448682	-0.10055647	9.742006
7543129240801	0.22266077	-0.045489833	9.682152
7543149351885	0.25617957	-0.047884032	9.710882
7543169493486	0.22026655	-0.06464344	9.847352
7543189665605	0.25378537	-0.038307227	9.528923
7543209807207	0.19393034	-0.12210429	9.892841
7543229948808	0.22026655	-0.019153614	9.730036
7543250090410	0.23463176	-0.06943185	9.799467
7543270232012	0.2873042	-0.12210429	9.64145
7543290373613	0.17477672	-0.02633622	9.753978
7543310484697	0.23223756	-0.08379706	9.890448
7543330626299	0.24899697	-0.06703765	9.607931
7543350767900	0.20111294	-0.076614454	9.68694
7543370878984	0.20350714	-0.0047884034	9.818622
7543391020586	0.19153613	-0.074220255	9.646238
7543411162187	0.2681506	-0.047884032	9.794679
7543431303789	0.22744916	-0.023942016	9.6845455
7543451414873	0.260968	-0.08619126	9.749189
7543471556474	0.24181437	-0.107739076	9.68694
7543491698076	0.22266077	-0.10534488	9.785102
7543511778642	0.20590134	-0.093373865	9.64145
7543531920244	0.24420857	-0.12689269	9.730036
7543552000810	0.19632454	-0.033518825	9.7084875
7543572142412	0.23942018	-0.12210429	9.701305
7543592284013	0.17956513	-0.107739076	9.794679
7543612395097	0.18435353	-0.15801731	9.701305
7543632536699	0.21308395	-0.090979666	9.765948
7543652647783	0.20829555	-0.09816227	9.739613
7543672789385	0.22026655	-0.088585466	9.720459
7543692930986	0.2657564	-0.10295067	9.689334
7543713072588	0.2657564	-0.11971009	9.734824
7543733214189	0.25617957	-0.050278235	9.737218
7543753325273	0.25378537	0.0047884034	9.85214
7543773466875	0.21308395	-0.019153614	9.5385
7543793608476	0.19871874	-0.107739076	9.856929
7543813689043	0.17717093	-0.11252748	9.715671
7543833830644	0.24899697	-0.107739076	9.811439
7543853941728	0.18435353	-0.093373865	9.730036
7543874083330	0.16519992	-0.074220255	9.82341
7543894194414	0.23702596	-0.079008654	9.742006
7543914305498	0.21308395	-0.095768064	9.746795
7543934447099	0.25378537	-0.031124622	9.8042555
7543954527666	0.18914193	-0.10295067	9.634268
7543974669267	0.2873042	-0.023942016	9.710882
7543994810869	0.2633622	-0.08140286	9.7803135
7544014952471	0.24660277	-0.088585466	9.655815
7544035063555	0.16998832	-0.074220255	9.773131
7544055205156	0.22505496	-0.076614454	9.746795
7544075316240	0.20350714	-0.08140286	9.768343
7544095427324	0.23942018	-0.088585466	9.797073
7544115538408	0.24420857	-0.033518825	9.751583
7544135649492	0.17238252	-0.107739076	9.792285
7544155791094	0.2633622	-0.062249243	9.674969
7544175932695	0.17717093	-0.1340753	9.674969
7544196074297	0.23223756	-0.04070143	9.739613
7544216185381	0.260968	-0.11971009	9.840169
7544236326982	0.23223756	-0.11492168	9.68694
7544256438066	0.23702596	-0.10295067	9.631873
7544276579668	0.25617957	-0.1388637	9.78989
7544296721269	0.25139117	-0.110133275	9.746795
7544316862871	0.16519992	-0.07182605	9.653421
7544336973955	0.22266077	-0.076614454	9.801862
7544357085039	0.16759412	-0.088585466	9.765948
7544377226640	0.24181437	-0.11492168	9.7563715
7544397337724	0.22984336	-0.06703765	9.672575
7544417479326	0.22026655	0.021547815	9.758766
7544437590410	0.20829555	-0.055066638	9.643845
7544457701494	0.22266077	-0.04070143	9.765948
7544477812578	0.17238252	-0.107739076	9.727641
7544497954180	0.18674773	-0.05746084	9.76116
7544518095781	0.24899697	-0.045489833	9.694122
7544538206865	0.24420857	-0.1412579	9.739613
7544558348467	0.20350714	-0.05267244	9.696517
7544578459551	0.29209262	-0.055066638	9.828198
7544598601152	0.23223756	-0.02873042	9.651027
7544618712236	0.22505496	-0.10534488	9.715671
7544638823320	0.21068975	-0.12928689	9.785102
7544658964922	0.260968	-0.090979666	9.715671
7544679076006	0.17717093	-0.021547815	9.765948
7544699217607	0.2657564	-0.08379706	9.679757
7544719298174	0.22026655	-0.12689269	9.749189
7544739409258	0.22984336	-0.1316811	9.749189
7544759550859	0.22266077	-0.1412579	9.696517
7544779661943	0.18435353	-0.05267244	9.765948
7544799773027	0.25857377	-0.079008654	9.730036
7544819884111	0.2873042	-0.059855044	9.710882
7544839995195	0.24899697	-0.093373865	9.730036
7544860106279	0.1604115	-0.11492168	9.768343
7544880247881	0.21308395	-0.15083471	9.742006
7544900358965	0.21787235	-0.090979666	9.76116
7544920470049	0.25378537	-0.0023942017	9.718064
7544940581133	0.23463176	-0.107739076	9.773131
7544960692217	0.2896984	-0.07182605	9.813833
7544980833818	0.22026655	-0.055066638	9.662998
7545000944902	0.24181437	-0.05267244	9.722853
7545021055986	0.22026655	-0.08379706	9.737218
7545041197588	0.22266077	-0.038307227	9.710882
7545061278154	0.20829555	-0.08379706	9.746795
7545081419756	0.22505496	-0.12689269	9.706094
7545101561357	0.20350714	-0.05746084	9.787497
7545121702959	0.22984336	-0.021547815	9.679757
7545141814043	0.22026655	-0.1388637	9.7563715
7545161955644	0.2657564	-0.02633622	9.662998
7545182036211	0.260968	-0.11971009	9.816227
7545202177812	0.1388637	-0.08140286	9.725247
7545222288896	0.25378537	-0.12928689	9.753978
7545242430498	0.18195933	-0.007182605	9.734824
7545262541582	0.18674773	-0.06943185	9.725247
7545282652666	0.22505496	-0.095768064	9.744401
7545302824785	0.20350714	-0.06943185	9.689334
7545322935869	0.2777274	-0.047884032	9.773131
7545343046953	0.16280572	-0.088585466	9.701305
7545363188555	0.23942018	-0.08619126	9.722853
7545383299638	0.25617957	-0.10295067	9.701305
7545403410722	0.16519992	-0.06943185	9.758766
7545423521806	0.21787235	-0.090979666	9.706094
7545443632890	0.20350714	-0.11492168	9.6845455
7545463743974	0.23942018	-0.12689269	9.765948
7545483855058	0.20111294	-0.04070143	9.7084875
7545503966142	0.25857377	-0.10534488	9.746795
7545524107744	0.22505496	-0.08140286	9.773131
7545544188310	0.24181437	-0.06943185	9.660604
7545564299394	0.18435353	-0.016759412	9.703699
7545584410478	0.2705448	-0.090979666	9.753978
7545604521562	0.2873042	-0.12689269	9.744401
7545624632646	0.22266077	-0.07182605	9.751583
7545644774248	0.18674773	-0.047884032	9.677363
7545664885332	0.23223756	-0.031124622	9.753978
7545684996416	0.32800564	-0.088585466	9.768343
7545705168535	0.2633622	-0.074220255	9.710882
7545725279619	0.2633622	-0.059855044	9.746795
7545745360185	0.23223756	-0.050278235	9.8042555
7545765471269	0.25378537	-0.1340753	9.674969
7545785582353	0.2705448	-0.1436521	9.718064
7545805693437	0.24181437	-0.12449849	9.7324295
7545825835039	0.21547815	-0.11971009	9.660604
7545845946123	0.21068975	-0.06703765	9.792285
7545866057207	0.25378537	-0.090979666	9.672575
7545886168291	0.22984336	-0.031124622	9.734824
7545906340410	0.24181437	-0.023942016	9.691729
7545926451494	0.23942018	-0.088585466	9.682152
7545946562578	0.2753332	-0.093373865	9.737218
7545966673662	0.2873042	-0.06943185	9.773131
7545986784746	0.24899697	-0.038307227	9.7324295
7546006895830	0.21308395	-0.12210429	9.720459
7546027006914	0.47405192	0.33518824	8.331821
7546047117998	0.39504328	-0.1436521	9.825804
7546067229082	0.50517654	-0.19632454	9.7563715
7546087370683	0.2657564	-0.272939	9.344569
7546107512285	0.29448682	-0.46926352	9.751583
7546127623369	0.50757074	-0.770933	9.514558
7546147734453	0.60573304	-0.5554548	9.909601
7546167876055	0.40940848	-0.7086837	9.643845
7546187987138	0.37588966	-1.0534488	9.516952
7546208128740	0.31124622	-0.6847417	9.698911
7546228239824	0.45489833	-0.19393034	9.773131
7546248350908	0.6464345	-0.17477672	9.722853
7546268461992	0.47884035	-0.48362875	9.861717
7546288573076	0.39025488	-0.5793968	9.452309
7546308684160	0.44771573	-0.45010993	9.421184
7546328795244	0.2681506	-0.4285621	9.421184
7546348906328	0.35434186	-0.5602432	9.698911
7546369017412	0.37110126	-0.5530606	9.624691
7546389159013	0.2801216	-0.6392518	9.876082
7546409270097	0.34237084	-0.5793968	9.718064
7546429381181	0.5674258	-0.5793968	9.667787
7546449492265	0.4165911	-0.5746084	9.653421
7546469603349	0.39983168	-0.59855044	9.751583
7546489744951	0.49320555	-0.5602432	9.725247
7546509856035	0.40701428	-0.59376204	9.665392
7546529997637	0.37588966	-0.51954174	9.718064
7546550108721	0.37588966	-0.5554548	9.689334
7546570250322	0.45729253	-0.5530606	9.734824
7546590361406	0.36631286	-0.51475334	9.713276
7546610472490	0.36870706	-0.49320555	9.739613
7546630614092	0.39264908	-0.50757074	9.715671
7546650725176	0.39504328	-0.50996494	9.765948
7546670836260	0.24660277	-0.46686932	9.68694
7546690947344	0.35673606	-0.35673606	9.734824
7546711088945	0.320823	-0.35913026	9.691729
7546731200029	0.33758244	-0.4189853	9.742006
7546751311113	0.272939	-0.39264908	9.751583
7546771452715	0.33758244	-0.47165772	9.713276
7546791563799	0.320823	-0.39983168	9.737218
7546811705400	0.36870706	-0.36870706	9.7324295
7546831847002	0.29209262	-0.4285621	9.76116
7546851988603	0.36152446	-0.44532153	9.739613
7546872130205	0.34955344	-0.46447513	9.787497
7546892271806	0.29688102	-0.41180268	9.76116
7546912443926	0.3184288	-0.36631286	9.768343
7546932555010	0.35913026	-0.36391866	9.715671
7546952696611	0.33518824	-0.30885202	9.715671
7546972838213	0.31124622	-0.39504328	9.758766
7546992979814	0.2825158	-0.38067806	9.773131
7547013121416	0.32800564	-0.33518824	9.674969
7547033263017	0.2657564	-0.30166942	9.751583
7547053404619	0.32561144	-0.25139117	9.7563715
7547073515703	0.34476504	-0.35434186	9.718064
7547093657305	0.31124622	-0.37588966	9.734824
7547113798906	0.35434186	-0.29448682	9.648633
7547133909990	0.34237084	-0.34955344	9.7324295
7547154051592	0.4141969	-0.34715924	9.739613
7547174162676	0.37588966	-0.30406362	9.691729
7547194304277	0.2896984	-0.29927522	9.722853
7547214445879	0.32561144	-0.2753332	9.758766
7547234587480	0.33997664	-0.24420857	9.746795
7547254698564	0.3878607	-0.21308395	9.703699
7547274809648	0.2777274	-0.2825158	9.758766
7547294951250	0.23702596	-0.33518824	9.888053
7547315092851	0.2753332	-0.14844051	9.763555
7547335234453	0.2825158	-0.18435353	9.583989
7547355376055	0.23702596	-0.11252748	9.710882
7547375517656	0.21068975	-0.19393034	9.706094
7547395659258	0.2825158	-0.21068975	9.744401
7547415800859	0.22744916	-0.14604631	9.718064
7547435942461	0.25139117	-0.19632454	9.703699
7547456084062	0.25857377	-0.12449849	9.80665
7547476225664	0.2801216	-0.20590134	9.682152
7547496367265	0.2633622	-0.15562311	9.782708
7547516539385	0.28491	-0.23463176	9.737218
7547536680986	0.24420857	-0.20111294	9.703699
7547556822588	0.24181437	-0.1604115	9.768343
7547576964189	0.2657564	-0.21068975	9.722853
7547597014238	0.22026655	-0.17477672	9.782708
7547617186357	0.22984336	-0.1340753	9.713276
7547637297441	0.24660277	-0.23702596	9.742006
7547657439043	0.22984336	-0.20111294	9.703699
7547677519609	0.23702596	-0.12210429	9.722853
7547697661211	0.19393034	-0.11252748	9.753978
7547717802812	0.25617957	-0.15322891	9.792285
7547737883379	0.272939	-0.19632454	9.742006
7547757994463	0.29448682	-0.19871874	9.698911
7547778105547	0.33279404	-0.15322891	9.710882
7547798247148	0.24181437	-0.23463176	9.753978
7547818358232	0.29209262	-0.2633622	9.694122
7547838499834	0.20829555	-0.21068975	9.7084875
7547858641435	0.34237084	-0.1364695	9.746795
7547878752519	0.19393034	-0.15562311	9.730036
7547898894121	0.24181437	-0.1364695	9.775525
7547919035722	0.25139117	-0.21547815	9.730036
7547939024736	0.19393034	-0.1388637	9.737218
7547959135820	0.29688102	-0.18914193	9.8042555
7547979124834	0.25378537	-0.1340753	9.706094
7547999296953	0.2657564	-0.22744916	9.689334
7548019316484	0.21787235	-0.25378537	9.682152
7548039458086	0.2896984	-0.16759412	9.734824
7548059447099	0.20829555	-0.1436521	9.773131
7548079588701	0.30645782	-0.18435353	9.746795
7548099577715	0.2777274	-0.20829555	9.7084875
7548119719316	0.25139117	-0.20350714	9.730036
7548139708330	0.2801216	-0.19393034	9.773131
7548159880449	0.3184288	-0.21308395	9.751583
7548179838945	0.23463176	-0.18914193	9.77792
7548200011064	0.14604631	-0.1604115	9.739613
7548220061113	0.31603462	-0.19153613	9.751583
7548240202715	0.22026655	-0.21787235	9.765948
7548260191728	0.21068975	-0.1604115	9.76116
7548280333330	0.30166942	-0.18914193	9.76116
7548300444414	0.22744916	-0.23223756	9.801862
7548320616533	0.23463176	-0.25139117	9.691729
7548340727617	0.22266077	-0.16998832	9.77792
7548360869219	0.21787235	-0.08619126	9.713276
7548380949785	0.30166942	-0.2753332	9.718064
7548401060869	0.23942018	-0.18435353	9.7084875
7548421232988	0.23463176	-0.19393034	9.801862
7548441344072	0.272939	-0.22505496	8.214506
7548461455156	0.2873042	-0.4237737	11.743559
7548481566240	0.24899697	0.076614454	8.813056
7548501677324	0.2873042	-0.045489833	9.986216
7548521788408	0.25378537	-0.46447513	9.947908
7548541899492	0.21068975	-0.02873042	9.193734
7548562010576	0.093373865	-0.28491	9.868899
7548582121660	0.2705448	-0.09816227	9.763555
7548602232744	0.3184288	-0.24660277	9.813833
7548622404863	0.23702596	-0.02873042	9.679757
7548642515947	0.22505496	-0.21547815	9.799467
7548662627031	0.29688102	-0.16759412	9.672575
7548682738115	0.12449849	-0.17717093	9.794679
7548702849199	0.1388637	-0.16759412	9.749189
7548722960283	0.2801216	-0.093373865	9.627085
7548743071367	0.23942018	-0.21787235	9.880871
7548763182451	0.23702596	-0.055066638	9.636662
7548783293535	0.25857377	-0.29448682	9.77792
7548803435137	0.22026655	-0.15322891	9.660604
7548823546221	0.20590134	-0.20829555	9.753978
7548843657305	0.29688102	-0.110133275	9.7563715
7548863768388	0.20829555	-0.08619126	9.665392
7548883879472	0.2633622	-0.23942018	9.763555
7548904021074	0.19393034	-0.16280572	9.68694
7548924132158	0.23702596	-0.14604631	9.801862
7548944243242	0.23463176	-0.1436521	9.643845
7548964354326	0.22026655	-0.12928689	9.794679
7548984465410	0.18435353	-0.20590134	9.7803135
7549004576494	0.21308395	-0.09816227	9.67018
7549024718096	0.272939	-0.15562311	9.792285
7549044859697	0.19153613	-0.079008654	9.725247
7549064970781	0.2777274	-0.1412579	9.749189
7549085081865	0.2825158	-0.1388637	9.739613
7549105223467	0.20829555	-0.21308395	9.698911
7549125365068	0.21787235	-0.1604115	9.660604
7549145476152	0.24420857	-0.16519992	9.7324295
7549165587236	0.22744916	-0.1436521	9.713276
7549185698320	0.14844051	-0.2705448	9.713276
7549205839922	0.29688102	-0.18674773	9.77792
7549225951006	0.18914193	-0.1412579	9.698911
7549246062090	0.17717093	-0.17717093	9.749189
7549266173174	0.20829555	-0.17956513	9.713276
7549286314775	0.18435353	-0.14604631	9.730036
7549306425859	0.19632454	-0.15562311	9.749189
7549326536943	0.2681506	-0.15322891	9.749189
7549346648027	0.20829555	-0.11252748	9.739613
7549366789629	0.21308395	-0.10534488	9.763555
7549386931230	0.19871874	-0.17717093	9.746795
7549407072832	0.22266077	-0.12689269	9.77792
7549427183916	0.19393034	-0.19393034	9.68694
7549447295000	0.25378537	-0.21787235	9.7084875
7549467436601	0.25857377	-0.1436521	9.718064
7549487547685	0.21787235	-0.15562311	9.746795
7549507658769	0.22505496	-0.1316811	9.730036
7549527800371	0.20829555	-0.17717093	9.703699
7549547911455	0.23223756	-0.19153613	9.749189
7549568053056	0.2681506	-0.20829555	9.775525
7549588194658	0.31603462	-0.15801731	9.7084875
7549608275224	0.21787235	-0.17477672	9.679757
7549628447344	0.16759412	-0.107739076	9.746795
7549648558428	0.2681506	-0.12689269	9.67018
7549668700029	0.272939	-0.16998832	9.713276
7549688780596	0.25378537	-0.19393034	9.801862
7549708922197	0.22984336	-0.23702596	9.715671
7549729033281	0.18435353	-0.16519992	9.698911
7549749144365	0.23223756	-0.1364695	9.727641
7549769285967	0.19393034	-0.14844051	9.7084875
7549789397051	0.22505496	-0.16519992	9.763555
7549809508135	0.25857377	-0.19153613	9.725247
7549829680254	0.2777274	-0.12449849	9.7084875
7549849821855	0.23702596	-0.12689269	9.76116
7549869963457	0.22026655	-0.18914193	9.727641
7549890074541	0.28491	-0.23463176	9.809045
7549910185625	0.30406362	-0.1364695	9.696517
7549930327226	0.18435353	-0.11731588	9.737218
7549950438310	0.23702596	-0.17477672	9.744401
7549970579912	0.22984336	-0.15801731	9.727641
7549990690996	0.22744916	-0.19632454	9.744401
7550010832597	0.22505496	-0.21068975	9.706094
7550030943681	0.22026655	-0.19153613	9.7803135
7550051054765	0.2801216	-0.12928689	9.7084875
7550071196367	0.2705448	-0.18435353	9.667787
7550091307451	0.21547815	-0.1340753	9.674969
7550111418535	0.20350714	-0.19153613	9.722853
7550131590654	0.25857377	-0.1364695	9.773131
7550151701738	0.19871874	-0.15083471	9.722853
7550171843340	0.24660277	-0.19632454	9.746795
7550191923906	0.18435353	-0.16759412	9.725247
7550212065508	0.22984336	-0.20111294	9.706094
7550232207109	0.17717093	-0.093373865	9.68694
7550252348711	0.21068975	-0.14604631	9.775525
7550272459795	0.19153613	-0.08140286	9.660604
7550292570879	0.20590134	-0.18674773	9.7084875
7550312712480	0.21547815	-0.18914193	9.7324295
7550332884599	0.21068975	-0.22984336	9.7084875
7550352965166	0.20111294	-0.15083471	9.768343
7550373106767	0.21068975	-0.10055647	9.701305
7550393248369	0.22026655	-0.1388637	9.722853
7550413328935	0.25139117	-0.1412579	9.722853
7550433440019	0.260968	-0.12928689	9.727641
7550453581621	0.21308395	-0.21787235	9.7084875
7550473723222	0.17717093	-0.1364695	9.727641
7550493864824	0.20111294	-0.18435353	9.725247
7550514006426	0.25857377	-0.14844051	9.718064
7550534117510	0.25617957	-0.22984336	9.67018
7550554228594	0.25378537	-0.15801731	9.722853
7550574370195	0.22984336	-0.21547815	9.737218
7550594481279	0.22026655	-0.1364695	9.7563715
7550614561846	0.272939	-0.12210429	9.737218
7550634703447	0.18914193	-0.1388637	9.718064
7550654814531	0.19153613	-0.18435353	9.730036
7550674925615	0.25139117	-0.1604115	9.744401
7550695036699	0.2753332	-0.1340753	9.785102
7550715147783	0.18435353	-0.23223756	9.696517
7550735289385	0.24420857	-0.16519992	9.739613
7550755400469	0.25378537	-0.1604115	9.770737
7550775542070	0.19153613	-0.20350714	9.694122
7550795622637	0.17477672	-0.15083471	9.715671
7550815733721	0.24660277	-0.17477672	9.727641
7550835875322	0.21308395	-0.17956513	9.7324295
7550855986406	0.24181437	-0.14844051	9.770737
7550876097490	0.25617957	-0.16998832	9.751583
7550896208574	0.23702596	-0.18435353	9.744401
7550916319658	0.20350714	-0.19393034	9.739613
7550936461260	0.22505496	-0.20111294	9.715671
7550956541826	0.24899697	-0.16759412	9.737218
7550976683428	0.21308395	-0.14844051	9.665392
7550996794512	0.22266077	-0.23223756	9.696517
7551016936113	0.28491	-0.20590134	9.770737
7551037077715	0.2705448	-0.16519992	9.706094
7551057158281	0.21787235	-0.16759412	9.758766
7551077299883	0.2801216	-0.076614454	9.734824
7551097380449	0.17717093	-0.17477672	9.765948
7551117522051	0.20350714	-0.1388637	9.698911
7551137633135	0.19393034	-0.17717093	9.64145
7551157774736	0.25617957	-0.1604115	9.727641
7551177885820	0.23942018	-0.19871874	9.730036
7551197996904	0.19632454	-0.14604631	9.7084875
7551218138506	0.21787235	-0.18435353	9.727641
7551238280107	0.23942018	-0.1604115	9.744401
7551258391191	0.23702596	-0.15083471	9.739613
7551278532793	0.23223756	-0.16519992	9.701305
7551298643877	0.18435353	-0.17956513	9.744401
7551318754961	0.23702596	-0.12210429	9.737218
7551338866045	0.22744916	-0.110133275	9.768343
7551358977129	0.2753332	-0.20829555	9.7563715
7551379088213	0.20829555	-0.17238252	9.722853
7551399199297	0.1364695	-0.14604631	9.713276
7551419340898	0.24181437	-0.21787235	9.751583
7551439482500	0.15801731	-0.17717093	9.821015
7551459593584	0.19393034	-0.2681506	9.694122
7551479704668	0.24899697	-0.21068975	9.751583
7551499815752	0.22266077	-0.12689269	9.782708
7551519926836	0.23942018	-0.16759412	9.773131
7551540098955	0.23223756	-0.107739076	9.758766
7551560179521	0.23942018	-0.17717093	9.710882
7551580321123	0.22984336	-0.16759412	9.727641
7551600432207	0.19632454	-0.21068975	9.746795
7551620543291	0.2657564	-0.16998832	9.734824
7551640684892	0.21068975	-0.21068975	9.746795
7551660795976	0.24899697	-0.15322891	9.730036
7551680907060	0.19871874	-0.16759412	9.7563715
7551701018144	0.23223756	-0.22026655	9.734824
7551721129228	0.14844051	-0.15562311	9.7324295
7551741270830	0.22026655	-0.15083471	9.7084875
7551761381914	0.18195933	-0.18674773	9.696517
7551781492998	0.19632454	-0.20350714	9.744401
7551801604082	0.22266077	-0.19153613	9.727641
7551821715166	0.20590134	-0.18195933	9.662998
7551841826250	0.2801216	-0.090979666	9.787497
7551861967851	0.22984336	-0.19871874	9.8042555
7551882048418	0.24420857	-0.15083471	9.730036
7551902159502	0.19153613	-0.16519992	9.763555
7551922270586	0.17956513	-0.16998832	9.746795
7551942381670	0.19871874	-0.15083471	9.737218
7551962492754	0.23463176	-0.20111294	9.78989
7551982603838	0.16759412	-0.17238252	9.7084875
7552002714922	0.2873042	-0.1340753	9.742006
7552022826006	0.260968	-0.16280572	9.737218
7552042967607	0.21308395	-0.22744916	9.689334
7552063109209	0.23463176	-0.16998832	9.706094
7552083250810	0.22505496	-0.16998832	9.77792
7552103361894	0.20350714	-0.2801216	9.730036
7552123472978	0.18914193	-0.20590134	9.706094
7552143614580	0.17717093	-0.1604115	9.718064
7552163725664	0.2753332	-0.19871874	9.753978
7552183836748	0.15322891	-0.16998832	9.799467
7552203947832	0.22266077	-0.12689269	9.751583
7552224089433	0.22505496	-0.20350714	9.715671
7552244200517	0.25139117	-0.079008654	9.698911
7552264311601	0.10534488	-0.18674773	9.7084875
7552284422685	0.24181437	-0.19632454	9.751583
7552304533769	0.260968	-0.20111294	9.751583
7552324644853	0.2681506	-0.11971009	9.751583
7552344755937	0.21068975	-0.20111294	9.765948
7552364867021	0.19153613	-0.20829555	9.715671
7552384978105	0.19393034	-0.17238252	9.725247
7552405089189	0.16759412	-0.18195933	9.727641
7552425200273	0.22266077	-0.15562311	9.763555
7552445341875	0.22026655	-0.1436521	9.744401
7552465452959	0.23223756	-0.15083471	9.674969
7552485594560	0.2681506	-0.16519992	9.773131
7552505705644	0.20590134	-0.22026655	9.722853
7552525786211	0.272939	-0.107739076	9.718064
7552545927812	0.20829555	-0.12928689	9.746795
7552566038896	0.23463176	-0.14844051	9.655815
7552586149980	0.30645782	-0.1436521	9.749189
7552606261064	0.30645782	-0.14844051	9.7563715
7552626402666	0.25139117	-0.18195933	9.730036
7552646544267	0.15322891	-0.15801731	9.706094
7552666655351	0.22505496	-0.17477672	9.744401
7552686735918	0.22026655	-0.19393034	9.739613
7552706877519	0.20829555	-0.15083471	9.76116
7552726988603	0.21547815	-0.15562311	9.730036
7552747130205	0.22505496	-0.15801731	9.730036
7552767241289	0.25378537	-0.15801731	9.739613
7552787352373	0.19393034	-0.12449849	9.718064
7552807463457	0.21547815	-0.14844051	9.703699
7552827574541	0.21068975	-0.18674773	9.65821
7552847746660	0.18435353	-0.15083471	9.636662
7552867827226	0.22984336	-0.23463176	9.76116
7552887907793	0.25378537	-0.090979666	9.715671
7552908018877	0.23463176	-0.18674773	9.765948
7552928129961	0.25617957	-0.12689269	9.7563715
7552948271562	0.24660277	-0.15083471	9.662998
7552968382646	0.2633622	-0.16280572	9.6845455
7552988493730	0.22744916	-0.16519992	9.765948
7553008604814	0.21068975	-0.1340753	9.782708
7553028746416	0.17956513	-0.11731588	9.715671
7553048857500	0.17717093	-0.1436521	9.698911
7553068999101	0.25139117	-0.24899697	9.6845455
7553089110185	0.24899697	-0.1436521	9.715671
7553109251787	0.23463176	-0.16280572	9.651027
7553129332353	0.20590134	-0.22266077	9.710882
7553149504472	0.16998832	-0.15083471	9.674969
7553169585039	0.20111294	-0.19393034	9.751583
7553189696123	0.2633622	-0.1436521	9.725247
7553209807207	0.25378537	-0.16280572	9.667787
7553229948808	0.1364695	-0.20350714	9.739613
7553250059892	0.2705448	-0.19393034	9.737218
7553270170976	0.25857377	-0.19632454	9.710882
7553290312578	0.20350714	-0.1364695	9.775525
7553310423662	0.20829555	-0.17717093	9.701305
7553330534746	0.21787235	-0.1604115	9.701305
7553350676347	0.19393034	-0.15801731	9.8042555
7553370787431	0.20350714	-0.16280572	9.691729
7553390898515	0.19871874	-0.11252748	9.667787
7553411009599	0.21068975	-0.16519992	9.775525
7553431151201	0.21308395	-0.15322891	9.68694
7553451292803	0.22984336	-0.18914193	9.713276
7553471403887	0.21547815	-0.10055647	9.792285
7553491514971	0.17956513	-0.19632454	9.725247
7553511626055	0.20829555	-0.14604631	9.744401
7553531737138	0.23942018	-0.10295067	9.655815
7553551878740	0.22984336	-0.17956513	9.722853
7553571959306	0.21547815	-0.17238252	9.739613
7553592070390	0.23463176	-0.21068975	9.7324295
7553612181474	0.22984336	-0.1364695	9.742006
7553632292558	0.16759412	-0.16519992	9.737218
7553652403642	0.25139117	-0.16998832	9.713276
7553672514726	0.23223756	-0.1316811	9.727641
7553692625810	0.22026655	-0.15322891	9.703699
7553712736894	0.19871874	-0.15083471	9.739613
7553732847978	0.24899697	-0.15083471	9.782708
7553752989580	0.21068975	-0.15322891	9.703699
7553773100664	0.22266077	-0.22026655	9.7563715
7553793211748	0.2633622	-0.1412579	9.677363
7553813322832	0.2753332	-0.15083471	9.727641
7553833433916	0.23223756	-0.15801731	9.739613
7553853575517	0.17956513	-0.093373865	9.710882
7553873686601	0.21787235	-0.15801731	9.746795
7553893797685	0.18674773	-0.14604631	9.713276
7553913908769	0.25139117	-0.14604631	9.713276
7553934050371	0.2873042	-0.12928689	9.725247
7553954191972	0.18674773	-0.1604115	9.706094
7553974303056	0.20590134	-0.15322891	9.746795
7553994414140	0.22984336	-0.15322891	9.718064
7554014555742	0.21308395	-0.1604115	9.770737
7554034697344	0.16998832	-0.15083471	9.730036
7554054808428	0.16519992	-0.17477672	9.68694
7554074950029	0.24660277	-0.14604631	9.727641
7554095061113	0.1604115	-0.18674773	9.744401
7554115172197	0.21547815	-0.22505496	9.720459
7554135283281	0.22984336	-0.17238252	9.744401
7554155424883	0.23463176	-0.22026655	9.674969
7554175535967	0.22744916	-0.15083471	9.770737
7554195647051	0.260968	-0.14604631	9.639056
7554215788652	0.23702596	-0.21547815	9.703699
7554235930254	0.18914193	-0.18435353	9.744401
7554256071855	0.2681506	-0.1388637	9.653421
7554276182939	0.16998832	-0.10534488	9.691729
7554296324541	0.22744916	-0.24420857	9.696517
7554316435625	0.25378537	-0.18195933	9.739613
7554336546709	0.18914193	-0.20829555	9.655815
7554356688310	0.24660277	-0.11731588	9.720459
7554376829912	0.17956513	-0.18914193	9.715671
7554396910478	0.16519992	-0.18674773	9.703699
7554417052080	0.22505496	-0.22505496	9.746795
7554437193681	0.21787235	-0.14604631	9.734824
7554457335283	0.21068975	-0.17717093	9.7324295
7554477415849	0.2657564	-0.14844051	9.713276
7554497526933	0.20829555	-0.18435353	9.734824
7554517638017	0.2633622	-0.17956513	9.662998
7554537779619	0.19632454	-0.16759412	9.744401
7554557921221	0.25617957	-0.24181437	9.749189
7554578062822	0.22505496	-0.14844051	9.775525
7554598173906	0.21308395	-0.14604631	9.749189
7554618315508	0.22026655	-0.24660277	9.76116
7554638457109	0.25617957	-0.22984336	9.698911
7554658568193	0.15562311	-0.16998832	9.77792
7554678709795	0.23223756	-0.15562311	9.749189
7554698790361	0.2705448	-0.21068975	9.751583
7554718901445	0.18435353	-0.16280572	9.785102
7554739012529	0.18674773	-0.20350714	9.655815
7554759154131	0.20111294	-0.11492168	9.722853
7554779265215	0.29688102	-0.1604115	9.742006
7554799376299	0.20350714	-0.15322891	9.713276
7554819487383	0.23702596	-0.16519992	9.76116
7554839598467	0.19871874	-0.18195933	9.758766
7554859740068	0.22984336	-0.10295067	9.78989
7554879851152	0.2896984	-0.1604115	9.727641
7554899962236	0.18435353	-0.16759412	9.746795
7554920073320	0.18674773	-0.11731588	9.737218
7554940184404	0.21547815	-0.17717093	9.706094
7554960295488	0.19153613	-0.19153613	9.679757
7554980406572	0.18195933	-0.08379706	9.758766
7555000517656	0.23463176	-0.15322891	9.758766
7555020659258	0.25617957	-0.1604115	9.7084875
7555040770342	0.23223756	-0.15562311	9.739613
7555060911943	0.2801216	-0.21787235	9.749189
7555081023027	0.22984336	-0.1364695	9.751583
7555101134111	0.20590134	-0.19632454	9.746795
7555121245195	0.21068975	-0.17477672	9.715671
7555141356279	0.2633622	-0.15322891	9.689334
7555161497881	0.23223756	-0.12210429	9.694122
7555181608965	0.28491	-0.17477672	9.758766
7555201720049	0.23702596	-0.19393034	9.689334
7555221831133	0.17956513	-0.1388637	9.710882
7555241972734	0.19153613	-0.21068975	9.775525
7555262083818	0.22984336	-0.18914193	9.792285
7555282164385	0.22505496	-0.1604115	9.631873
7555302275469	0.23463176	-0.14844051	9.746795
7555322356035	0.20350714	-0.17238252	9.7563715
7555342467119	0.22266077	-0.18195933	9.722853
7555362578203	0.23702596	-0.1412579	9.730036
7555382689287	0.2657564	-0.17477672	9.727641
7555402800371	0.20829555	-0.18674773	9.77792
7555422911455	0.24899697	-0.12210429	9.739613
7555442992021	0.16759412	-0.17717093	9.758766
7555463133623	0.20111294	-0.17956513	9.715671
7555483214189	0.20590134	-0.14844051	9.737218
7555503325273	0.25857377	-0.17717093	9.720459
7555523466875	0.16280572	-0.088585466	9.734824
7555543577959	0.18195933	-0.15322891	9.720459
7555563719560	0.2681506	-0.15083471	9.701305
7555583830644	0.23942018	-0.16519992	9.773131
7555603972246	0.22744916	-0.18435353	9.727641
7555624083330	0.21068975	-0.12449849	9.7324295
7555644163896	0.1604115	-0.10534488	9.775525
7555664274980	0.24899697	-0.08619126	9.713276
7555684386064	0.18914193	-0.19393034	9.730036
7555704497148	0.18914193	-0.11731588	9.718064
7555724608232	0.22266077	-0.15322891	9.677363
7555744719316	0.24420857	-0.1340753	9.76116
7555764860918	0.22744916	-0.11492168	9.6845455
7555784972002	0.24660277	-0.17477672	9.715671
7555805052568	0.15562311	-0.21787235	9.751583
7555825163652	0.20590134	-0.15801731	9.76116
7555845274736	0.21068975	-0.19153613	9.7324295
7555865416338	0.18195933	-0.10534488	9.662998
7555885527422	0.18195933	-0.15083471	9.742006
7555905638506	0.20111294	-0.19871874	9.727641
7555925749590	0.19632454	-0.15083471	9.696517
7555945860674	0.24899697	-0.16759412	9.727641
7555966002275	0.20829555	-0.1340753	9.713276
7555986113359	0.18195933	-0.1388637	9.7324295
7556006224443	0.272939	-0.18435353	9.744401
7556026335527	0.23702596	-0.11731588	9.689334
7556046477129	0.19153613	-0.1436521	9.655815
7556066588213	0.18914193	-0.17956513	9.744401
7556086699297	0.20111294	-0.21547815	9.7084875
7556106810381	0.22744916	-0.15083471	9.739613
7556126921465	0.2801216	-0.17238252	9.753978
7556147032549	0.22744916	-0.19153613	9.720459
7556167143633	0.29448682	-0.16280572	9.718064
7556187285234	0.17956513	-0.18435353	9.739613
7556207426836	0.20350714	-0.18195933	9.672575
7556227537920	0.19393034	-0.12928689	9.677363
7556247679521	0.29209262	-0.1604115	9.706094
7556267851640	0.23702596	-0.15801731	9.737218
7556287962724	0.22505496	-0.18914193	9.713276
7556308073808	0.20590134	-0.21547815	9.720459
7556328215410	0.22984336	-0.110133275	9.794679
7556348326494	0.16519992	-0.16519992	9.682152
7556368468096	0.23942018	-0.15322891	9.672575
7556388579180	0.2657564	-0.15083471	9.706094
7556408690263	0.24420857	-0.16280572	9.703699
7556428801347	0.19871874	-0.11731588	9.653421
7556448912431	0.22984336	-0.18195933	9.718064
7556469084551	0.19393034	-0.15322891	9.67018
7556489195635	0.23702596	-0.16519992	9.7084875
7556509306719	0.25378537	-0.19153613	9.6845455
7556529417803	0.16280572	-0.18674773	9.706094
7556549528887	0.17477672	-0.16998832	9.6845455
7556569670488	0.21068975	-0.18195933	9.763555
7556589781572	0.22026655	-0.1604115	9.730036
7556609892656	0.1604115	-0.16519992	9.720459
7556630003740	0.20590134	-0.19632454	9.720459
7556650084306	0.18195933	-0.12689269	9.82341
7556670195390	0.272939	-0.18195933	9.67018
7556690306474	0.20350714	-0.22744916	9.682152
7556710417558	0.17477672	-0.16280572	9.7084875
7556730528642	0.17956513	-0.16280572	9.746795
7556750639726	0.25857377	-0.10055647	9.770737
7556770781328	0.25617957	-0.14604631	9.6845455
7556790892412	0.260968	-0.21068975	9.794679
7556811003496	0.21787235	-0.18674773	9.7084875
7556831114580	0.24181437	-0.11252748	9.725247
7556851195146	0.19393034	-0.17956513	9.7324295
7556871336748	0.2681506	-0.16280572	9.639056
7556891447832	0.19153613	-0.1412579	9.727641
7556911558916	0.21308395	-0.20590134	9.7084875
7556931670000	0.25857377	-0.12210429	9.7084875
7556951811601	0.22984336	-0.1316811	9.739613
7556971922685	0.18914193	-0.15322891	9.773131
7556992033769	0.22505496	-0.18674773	9.6845455
7557012144853	0.22744916	-0.107739076	9.765948
7557032255937	0.22026655	-0.090979666	9.68694
7557052367021	0.21787235	-0.18674773	9.746795
7557072539140	0.23223756	-0.16280572	9.76116
7557092619707	0.15801731	-0.17238252	9.713276
7557112761308	0.18435353	-0.17717093	9.770737
7557132841875	0.24899697	-0.15083471	9.737218
7557152983476	0.1604115	-0.1364695	9.749189
7557173125078	0.24660277	-0.1388637	9.722853
7557193236162	0.22266077	-0.16280572	9.67018
7557213347246	0.20111294	-0.16759412	9.694122
7557233458330	0.21787235	-0.19153613	9.703699
7557253599931	0.22505496	-0.18674773	9.720459
7557273711015	0.19871874	-0.15083471	9.737218
7557293852617	0.2825158	-0.1316811	9.765948
7557313963701	0.17238252	-0.19632454	9.665392
7557334074785	0.20590134	-0.14844051	9.730036
7557354185869	0.22984336	-0.20829555	9.727641
7557374296953	0.24899697	-0.17717093	9.742006
7557394408037	0.20350714	-0.17717093	9.765948
7557414519121	0.23223756	-0.10534488	9.730036
7557434630205	0.25139117	-0.23463176	9.770737
7557454771806	0.24420857	-0.21547815	9.713276
7557474882890	0.23942018	-0.18195933	9.749189
7557494993974	0.2633622	-0.17717093	9.703699
7557515135576	0.21068975	-0.12449849	9.674969
7557535216142	0.21547815	-0.11731588	9.739613
7557555327226	0.21308395	-0.20590134	9.68694
7557575468828	0.20111294	-0.17238252	9.770737
7557595579912	0.21547815	-0.16759412	9.78989
7557615690996	0.23223756	-0.12449849	9.749189
7557635832597	0.21547815	-0.18195933	9.727641
7557655943681	0.21308395	-0.1364695	9.696517
7557676054765	0.21787235	-0.15322891	9.737218
7557696165849	0.22266077	-0.20829555	9.667787
7557716276933	0.25857377	-0.14844051	9.694122
7557736388017	0.24181437	-0.20350714	9.734824
7557756499101	0.22744916	-0.20590134	9.749189
7557776640703	0.20111294	-0.18914193	9.727641
7557796751787	0.19871874	-0.16519992	9.746795
7557816862871	0.17956513	-0.1412579	9.689334
7557836973955	0.19393034	-0.12210429	9.679757
7557857085039	0.20590134	-0.19632454	9.749189
7557877196123	0.18914193	-0.14604631	9.763555
7557897337724	0.20829555	-0.20111294	9.6845455
7557917448808	0.20350714	-0.15083471	9.725247
7557937590410	0.23463176	-0.1412579	9.677363
7557957701494	0.20111294	-0.15083471	9.722853
7557977873613	0.19871874	-0.1604115	9.672575
7557998015215	0.18435353	-0.10055647	9.713276
7558018126299	0.25139117	-0.14604631	9.742006
7558038237383	0.18674773	-0.1340753	9.7324295
7558058348467	0.23942018	-0.17238252	9.739613
7558078459551	0.18435353	-0.19153613	9.710882
7558098570635	0.23463176	-0.24181437	9.722853
7558118681719	0.1412579	-0.15562311	9.694122
7558138792803	0.24420857	-0.110133275	9.758766
7558158903887	0.20350714	-0.09816227	9.682152
7558179045488	0.22505496	-0.20590134	9.751583
7558199156572	0.18674773	-0.1412579	9.787497
7558219267656	0.20111294	-0.16280572	9.682152
7558239378740	0.21068975	-0.16519992	9.753978
7558259520342	0.22505496	-0.15322891	9.715671
7558279631426	0.22026655	-0.15801731	9.746795
7558299742510	0.17956513	-0.20590134	9.710882
7558319853594	0.19632454	-0.1604115	9.718064
7558339964678	0.24899697	-0.18195933	9.68694
7558360075762	0.21068975	-0.1436521	9.753978
7558380217363	0.19393034	-0.12449849	9.799467
7558400328447	0.15322891	-0.12928689	9.662998
7558420439531	0.22744916	-0.16998832	9.753978
7558440581133	0.24899697	-0.21547815	9.720459
7558460661699	0.19871874	-0.17238252	9.742006
7558480803301	0.20829555	-0.16519992	9.713276
7558500883867	0.23702596	-0.17717093	9.744401
7558520994951	0.21547815	-0.20111294	9.6845455
7558541106035	0.25139117	-0.11971009	9.727641
7558561247637	0.19393034	-0.19153613	9.7324295
7558581358721	0.23942018	-0.1412579	9.7084875
7558601469805	0.23223756	-0.19153613	9.734824
7558621580888	0.22984336	-0.19632454	9.739613
7558641691972	0.20350714	-0.19871874	9.662998
7558661803056	0.17956513	-0.1364695	9.737218
7558681944658	0.21308395	-0.17477672	9.7563715
7558702055742	0.2705448	-0.16759412	9.703699
7558722166826	0.22744916	-0.107739076	9.753978
7558742277910	0.23223756	-0.16519992	9.76116
7558762388994	0.260968	-0.1364695	9.792285
7558782500078	0.20111294	-0.22266077	9.715671
7558802580644	0.260968	-0.22266077	9.718064
7558822722246	0.25617957	-0.076614454	9.758766
7558842833330	0.24660277	-0.19871874	9.730036
7558862944414	0.22505496	-0.16759412	9.749189
7558883055498	0.23942018	-0.10534488	9.7084875
7558903166582	0.17477672	-0.12449849	9.701305
7558923277666	0.21547815	-0.1316811	9.7803135
7558943388750	0.24660277	-0.18195933	9.7084875
7558963499834	0.20111294	-0.22026655	9.703699
7558983610918	0.19153613	-0.21068975	9.65821
7559003722002	0.23463176	-0.20111294	9.6845455
7559023833086	0.24660277	-0.16998832	9.77792
7559043944170	0.22984336	-0.15801731	9.751583
7559064055254	0.22505496	-0.17717093	9.720459
7559084196855	0.21308395	-0.17956513	9.727641
7559104307939	0.18195933	-0.16998832	9.758766
7559124419023	0.22026655	-0.17477672	9.703699
7559144530107	0.17238252	-0.16519992	9.799467
7559164641191	0.25857377	-0.17477672	9.763555
7559184752275	0.2896984	-0.16998832	9.801862
7559204863359	0.19871874	-0.17477672	9.765948
7559224974443	0.272939	-0.24660277	9.722853
7559245085527	0.20590134	-0.22744916	9.742006
7559265227129	0.18674773	-0.1436521	9.725247
7559285368730	0.2633622	-0.1364695	9.665392
7559305510332	0.25617957	-0.16519992	9.718064
7559325590898	0.22984336	-0.1604115	9.720459
7559345701982	0.20350714	-0.19393034	9.677363
7559365813066	0.21547815	-0.17717093	9.715671
7559385954668	0.21068975	-0.20111294	9.768343
7559406065752	0.19393034	-0.19871874	9.718064
7559426176836	0.14844051	-0.15562311	9.727641
7559446287920	0.2681506	-0.18914193	9.794679
7559466399004	0.25857377	-0.12449849	9.722853
7559486540605	0.24899697	-0.15562311	9.7803135
7559506651689	0.20829555	-0.12210429	9.7084875
7559526762773	0.18435353	-0.107739076	9.701305
7559546873857	0.17956513	-0.15801731	9.749189
7559567015459	0.19632454	-0.08619126	9.655815
7559587157060	0.22744916	-0.15322891	9.722853
7559607298662	0.20350714	-0.22744916	9.768343
7559627318193	0.31364042	-0.15801731	9.694122
7559647429277	0.22505496	-0.16519992	9.742006
7559667540361	0.22984336	-0.16519992	9.737218
7559687681963	0.22505496	-0.20590134	9.739613
7559707793047	0.21787235	-0.18435353	9.76116
7559727934648	0.21547815	-0.16280572	9.720459
7559748015215	0.25857377	-0.18674773	9.742006
7559768126299	0.21787235	-0.12689269	9.720459
7559788237383	0.16280572	-0.18674773	9.80665
7559808378984	0.21308395	-0.21787235	9.698911
7559828490068	0.20590134	-0.15801731	9.749189
7559848631670	0.18435353	-0.16519992	9.751583
7559868773271	0.23942018	-0.12928689	9.694122
7559888914873	0.21068975	-0.18435353	9.746795
7559909025957	0.20829555	-0.16280572	9.698911
7559929167558	0.15562311	-0.18674773	9.744401
7559949309160	0.22984336	-0.12928689	9.710882
7559969420244	0.23463176	-0.1364695	9.689334
7559989592363	0.20350714	-0.15083471	9.718064
7560009703447	0.25378537	-0.12210429	9.730036
7560029814531	0.18914193	-0.20350714	9.744401
7560049956133	0.1604115	-0.15322891	9.674969
7560070036699	0.20111294	-0.1604115	9.7324295
7560090208818	0.21547815	-0.15801731	9.758766
7560110319902	0.24420857	-0.16998832	9.80665
7560130430986	0.2705448	-0.15322891	9.751583
7560150542070	0.22266077	-0.21547815	9.809045
7560170653154	0.18914193	-0.17477672	9.725247
7560190794756	0.22505496	-0.12449849	9.665392
7560210936357	0.22744916	-0.17238252	9.739613
7560231016924	0.2657564	-0.18674773	9.8042555
7560251128008	0.19153613	-0.17238252	9.737218
7560271239092	0.17717093	-0.18435353	9.715671
7560291380693	0.23223756	-0.18195933	9.799467
7560311522295	0.24181437	-0.18195933	9.710882
7560331633379	0.16280572	-0.16519992	9.739613
7560351744463	0.23463176	-0.12928689	9.816227
7560371855547	0.22026655	-0.20829555	9.770737
7560391997148	0.22026655	-0.1436521	9.710882
7560412108232	0.20590134	-0.15801731	9.701305
7560432219316	0.20111294	-0.18435353	9.730036
7560452360918	0.28491	-0.25378537	9.737218
7560472502519	0.23702596	-0.20829555	9.758766
7560492644121	0.17956513	-0.16759412	9.694122
7560512755205	0.21068975	-0.17717093	9.667787
7560532896806	0.17956513	-0.24660277	9.706094
7560553038408	0.21547815	-0.1364695	9.7084875
7560573149492	0.2681506	-0.16280572	9.701305
7560593321611	0.18674773	-0.19632454	9.718064
7560613432695	0.2681506	-0.1340753	9.720459
7560633543779	0.16280572	-0.1316811	9.722853
7560653685381	0.19632454	-0.15562311	9.672575
7560673826982	0.20590134	-0.12928689	9.715671
7560693938066	0.272939	-0.16519992	9.655815
7560714079668	0.19393034	-0.1604115	9.689334
7560734221269	0.20829555	-0.12449849	9.785102
7560754332353	0.24660277	-0.1316811	9.720459
7560774443437	0.18914193	-0.1604115	9.722853
7560794585039	0.19393034	-0.11252748	9.7563715
7560814696123	0.19153613	-0.19393034	9.751583
7560834807207	0.29209262	-0.16519992	9.842564
7560854918291	0.16519992	-0.1604115	9.792285
7560875059892	0.22984336	-0.1316811	9.710882
7560895201494	0.18195933	-0.23942018	9.742006
7560915312578	0.25378537	-0.17238252	9.710882
7560935454180	0.20111294	-0.18435353	9.713276
7560955595781	0.24899697	-0.1412579	9.67018
7560975737383	0.20590134	-0.12689269	9.61272
7560995848467	0.21308395	-0.22984336	9.787497
7561015959551	0.18674773	-0.11971009	9.742006
7561036070635	0.15322891	-0.14604631	9.744401
7561056181719	0.21787235	-0.1436521	9.691729
7561076292803	0.25139117	-0.17956513	9.768343
7561096434404	0.21308395	-0.16519992	9.742006
7561116545488	0.23702596	-0.1388637	9.744401
7561136687090	0.21787235	-0.11971009	9.643845
7561156767656	0.19632454	-0.1412579	9.782708
7561176909258	0.20350714	-0.12210429	9.742006
7561197050859	0.17956513	-0.18914193	9.7563715
7561217161943	0.20111294	-0.05267244	9.744401
7561237273027	0.24660277	-0.12689269	9.720459
7561257353594	0.23463176	-0.17477672	9.734824
7561277495195	0.23702596	-0.11971009	9.7084875
7561297636797	0.23942018	-0.17238252	9.746795
7561317778398	0.22505496	-0.10534488	9.672575
7561337920000	0.22984336	-0.21787235	9.758766
7561358031084	0.20111294	-0.15083471	9.703699
7561378142168	0.17956513	-0.11492168	9.710882
7561398253252	0.22505496	-0.1316811	9.730036
7561418394853	0.24660277	-0.10295067	9.718064
7561438536455	0.21068975	-0.20590134	9.753978
7561458678056	0.16280572	-0.18914193	9.696517
7561478789140	0.25378537	-0.12689269	9.720459
7561498930742	0.21547815	-0.18914193	9.78989
7561519072344	0.24181437	-0.24660277	9.746795
7561539183428	0.23463176	-0.16998832	9.725247
7561559325029	0.12928689	-0.17717093	9.725247
7561579405596	0.21547815	-0.21068975	9.68694
7561599547197	0.22505496	-0.18914193	9.76116
7561619658281	0.23463176	-0.1364695	9.715671
7561639769365	0.23463176	-0.11731588	9.768343
7561659910967	0.25857377	-0.15562311	9.753978
7561680052568	0.21547815	-0.19393034	9.651027
7561700194170	0.22026655	-0.18435353	9.749189
7561720305254	0.20350714	-0.21308395	9.718064
7561740446855	0.24899697	-0.23702596	9.768343
7561760557939	0.21547815	-0.107739076	9.725247
7561780669023	0.18195933	-0.06464344	9.730036
7561800810625	0.16998832	-0.17477672	9.6845455
7561820921709	0.20111294	-0.19393034	9.744401
7561841032793	0.21068975	-0.1412579	9.751583
7561861174394	0.17956513	-0.11971009	9.725247
7561881315996	0.17238252	-0.17956513	9.694122
7561901427080	0.20590134	-0.16519992	9.734824
7561921538164	0.21308395	-0.20111294	9.744401
7561941649248	0.19871874	-0.24660277	9.730036
7561961760332	0.21308395	-0.1388637	9.773131
7561981871416	0.25378537	-0.21068975	9.746795
7562001982500	0.21787235	-0.20590134	9.773131
7562022124101	0.18195933	-0.18195933	9.737218
7562042265703	0.20829555	-0.20111294	9.672575
7562062376787	0.25857377	-0.16519992	9.758766
7562082487871	0.25857377	-0.14604631	9.715671
7562102629472	0.23942018	-0.18435353	9.734824
7562122710039	0.23223756	-0.11252748	9.749189
7562142821123	0.20111294	-0.18914193	9.715671
7562162932207	0.18914193	-0.15322891	9.720459
7562183043291	0.25857377	-0.10055647	9.749189
7562203184892	0.18195933	-0.1604115	9.706094
7562223326494	0.20590134	-0.15562311	9.787497
7562243468096	0.2753332	-0.22266077	9.67018
7562263579180	0.2896984	-0.17238252	9.742006
7562283690263	0.25617957	-0.16759412	9.768343
7562303831865	0.17717093	-0.16280572	9.710882
7562323973467	0.25378537	-0.1364695	9.746795
7562344084551	0.17717093	-0.1388637	9.715671
7562364195635	0.21787235	-0.17238252	9.706094
7562384276201	0.19153613	-0.1412579	9.746795
7562404417803	0.21547815	-0.1316811	9.770737
7562424559404	0.20111294	-0.17956513	9.78989
7562444670488	0.23223756	-0.14844051	9.763555
7562464781572	0.21787235	-0.18435353	9.672575
7562484892656	0.15322891	-0.107739076	9.710882
7562505003740	0.19632454	-0.17956513	9.730036
7562525145342	0.2753332	-0.18914193	9.682152
7562545286943	0.22505496	-0.19632454	9.679757
7562565398027	0.1604115	-0.22266077	9.710882
7562585539629	0.24420857	-0.107739076	9.768343
7562605681230	0.16998832	-0.12210429	9.720459
7562625822832	0.23942018	-0.17956513	9.725247
7562645964433	0.2873042	-0.16280572	9.722853
7562666075517	0.25139117	-0.093373865	9.718064
7562686186601	0.21787235	-0.19393034	9.68694
7562706358721	0.17238252	-0.12449849	9.739613
7562726500322	0.23942018	-0.14604631	9.787497
7562746611406	0.19393034	-0.19871874	9.706094
7562766722490	0.24899697	-0.079008654	9.753978
7562786833574	0.18674773	-0.20111294	9.706094
7562807005693	0.24660277	-0.1388637	9.720459
7562827116777	0.21308395	-0.20111294	9.696517
7562847258379	0.16519992	-0.20590134	9.751583
7562867369463	0.16280572	-0.23702596	9.8042555
7562887480547	0.21068975	-0.15083471	9.68694
7562907622148	0.22984336	-0.17717093	9.751583
7562927733232	0.21787235	-0.1364695	9.660604
7562947844316	0.20829555	-0.15083471	9.710882
7562967985918	0.20111294	-0.12689269	9.794679
7562988097002	0.22984336	-0.14604631	9.672575
7563008269121	0.20350714	-0.14844051	9.727641
7563028380205	0.25139117	-0.18674773	9.753978
7563048491289	0.20590134	-0.18914193	9.758766
7563068602373	0.29448682	-0.16998832	9.749189
7563088713457	0.22505496	-0.17717093	9.7324295
7563108855058	0.23463176	-0.15083471	9.715671
7563128935625	0.24420857	-0.17717093	9.744401
7563149077226	0.22984336	-0.17238252	9.727641
7563169188310	0.23223756	-0.17238252	9.746795
7563189299394	0.21308395	-0.11731588	9.744401
7563209440996	0.18674773	-0.14844051	9.749189
7563229582597	0.2896984	-0.19871874	9.758766
7563249724199	0.19393034	-0.14604631	9.722853
7563269804765	0.20829555	-0.14604631	9.758766
7563289946367	0.11971009	-0.1364695	9.753978
7563310087969	0.23463176	-0.15801731	9.689334
7563330199053	0.19393034	-0.20829555	9.713276
7563350340654	0.16998832	-0.22026655	9.689334
7563370421221	0.15083471	-0.18674773	9.773131
7563390532305	0.25378537	-0.19632454	9.698911
7563410704424	0.20590134	-0.1604115	9.765948
7563430815508	0.23463176	-0.14844051	9.720459
7563450926592	0.17956513	-0.1436521	9.758766
7563471068193	0.24660277	-0.12210429	9.746795
7563491209795	0.2681506	-0.17238252	9.727641
7563511381914	0.25857377	-0.10055647	9.722853
7563531523515	0.22266077	-0.16759412	9.679757
7563551634599	0.23942018	-0.1604115	9.718064
7563571745683	0.2896984	-0.22505496	9.691729
7563591856767	0.20350714	-0.14604631	9.706094
7563612028887	0.18195933	-0.21308395	9.7084875
7563632139971	0.21787235	-0.19153613	9.730036
7563652281572	0.21308395	-0.1388637	9.665392
7563672453691	0.21068975	-0.21308395	9.734824
7563692564775	0.21787235	-0.08140286	9.68694
7563712706377	0.25378537	-0.15801731	9.7084875
7563732847978	0.19871874	-0.15322891	9.720459
7563752989580	0.24181437	-0.15801731	9.737218
7563773100664	0.19153613	-0.17717093	9.765948
7563793242265	0.21068975	-0.1412579	9.737218
7563813383867	0.22984336	-0.16519992	9.7563715
7563833494951	0.18914193	-0.14844051	9.744401
7563853606035	0.16998832	-0.20829555	9.706094
7563873747637	0.23942018	-0.1412579	9.6845455
7563893889238	0.23463176	-0.11252748	9.751583
7563914030840	0.18435353	-0.12928689	9.746795
7563934141924	0.19393034	-0.17956513	9.744401
7563954283525	0.20111294	-0.17238252	9.703699
7563974394609	0.21547815	-0.23702596	9.710882
7563994505693	0.21547815	-0.21068975	9.691729
7564014647295	0.24420857	-0.10055647	9.674969
7564034758379	0.21787235	-0.18674773	9.720459
7564054869463	0.2753332	-0.12689269	9.65821
7564075011064	0.21787235	-0.19871874	9.7084875
7564095122148	0.19153613	-0.1604115	9.734824
7564115294267	0.22984336	-0.20111294	9.698911
7564135405351	0.21308395	-0.16759412	9.765948
7564155546953	0.20111294	-0.17956513	9.737218
7564175658037	0.17717093	-0.15801731	9.696517
7564195769121	0.20350714	-0.12928689	9.753978
7564215910722	0.20590134	-0.20829555	9.718064
7564236052324	0.24660277	-0.1388637	9.706094
7564256163408	0.25857377	-0.21308395	9.694122
7564276305010	0.24181437	-0.18435353	9.751583
7564296446611	0.18914193	-0.16280572	9.768343
7564316557695	0.21547815	-0.12928689	9.749189
7564336699297	0.20590134	-0.23463176	9.734824
7564356840898	0.16998832	-0.17956513	9.703699
7564376982500	0.19393034	-0.16280572	9.744401
7564397124101	0.21787235	-0.19153613	9.718064
7564417265703	0.19871874	-0.18195933	9.691729
7564437407305	0.2777274	-0.1388637	9.713276
7564457548906	0.260968	-0.20350714	9.718064
7564477690508	0.19871874	-0.14844051	9.746795
7564497832109	0.23702596	-0.18914193	9.701305
7564517943193	0.21308395	-0.15801731	9.770737
7564538084795	0.21308395	-0.19153613	9.734824
7564558226396	0.19153613	-0.20590134	9.768343
7564578337480	0.21787235	-0.1316811	9.691729
7564598448564	0.22744916	-0.16519992	9.7084875
7564618559648	0.16998832	-0.107739076	9.694122
7564638701250	0.16759412	-0.20350714	9.744401
7564658812334	0.23223756	-0.079008654	9.691729
7564678923418	0.22026655	-0.17956513	9.737218
7564699034502	0.20590134	-0.19871874	9.718064
7564719176103	0.19632454	-0.15322891	9.739613
7564739287187	0.22026655	-0.076614454	9.7084875
7564759428789	0.17956513	-0.16759412	9.773131
7564779570390	0.20590134	-0.12689269	9.7324295
7564799681474	0.25617957	-0.18674773	9.734824
7564819823076	0.23702596	-0.22266077	9.662998
7564839964678	0.260968	-0.1604115	9.77792
7564860106279	0.25378537	-0.19393034	9.689334
7564880247881	0.23702596	-0.18674773	9.765948
7564900389482	0.21308395	-0.1412579	9.763555
7564920500566	0.17477672	-0.17477672	9.667787
7564940642168	0.23223756	-0.14844051	9.7563715
7564960783769	0.2896984	-0.16519992	9.742006
7564980925371	0.23702596	-0.18914193	9.727641
7565001066972	0.19393034	-0.19153613	9.7084875
7565021147539	0.18674773	-0.17717093	9.746795
7565041258623	0.24899697	-0.12210429	9.715671
7565061369707	0.20111294	-0.22505496	9.718064
7565081511308	0.2753332	-0.1388637	9.720459
7565101622392	0.23702596	-0.11492168	9.730036
7565121763994	0.20829555	-0.17477672	9.749189
7565141905596	0.15322891	-0.16519992	9.6845455
7565162016680	0.21547815	-0.21547815	9.725247
7565182158281	0.23942018	-0.18914193	9.725247
7565202299883	0.22266077	-0.11731588	9.742006
7565222410967	0.24899697	-0.17477672	9.710882
7565242552568	0.22984336	-0.21068975	9.689334
7565262694170	0.25139117	-0.10534488	9.68694
7565282805254	0.23702596	-0.16998832	9.739613
7565302946855	0.21547815	-0.14604631	9.765948
7565323088457	0.23942018	-0.11492168	9.6845455
7565343230058	0.23223756	-0.20350714	9.679757
7565363371660	0.260968	-0.16998832	9.7324295
7565383452226	0.24660277	-0.16998832	9.730036
7565403593828	0.260968	-0.1436521	9.746795
7565423735430	0.20111294	-0.16519992	9.770737
7565443846513	0.272939	-0.16998832	9.730036
7565463957597	0.24181437	-0.1436521	9.742006
7565484099199	0.24899697	-0.18674773	9.811439
7565504210283	0.18435353	-0.10534488	9.674969
7565524351885	0.2873042	-0.20111294	9.746795
7565544462969	0.19632454	-0.21068975	9.787497
7565564574053	0.18195933	-0.22505496	9.718064
7565584685137	0.19871874	-0.20590134	9.7563715
7565604826738	0.17956513	-0.1316811	9.76116
7565624968340	0.17717093	-0.22266077	9.722853
7565645109941	0.21068975	-0.19632454	9.751583
7565665251543	0.25139117	-0.09816227	9.76116
7565685362627	0.20350714	-0.11492168	9.6845455
7565705473711	0.22266077	-0.21787235	9.7803135
7565725615312	0.20350714	-0.20111294	9.768343
7565745756914	0.21308395	-0.17956513	9.701305
7565765898515	0.16519992	-0.15083471	9.710882
7565786009599	0.21547815	-0.15322891	9.706094
7565806151201	0.18435353	-0.16519992	9.722853
7565826262285	0.21787235	-0.18674773	9.737218
7565846403887	0.2753332	-0.20350714	9.744401
7565866514971	0.22984336	-0.22026655	9.746795
7565886656572	0.24181437	-0.17238252	9.768343
7565906798174	0.22026655	-0.14604631	9.698911
7565926970293	0.18435353	-0.107739076	9.7084875
7565947081377	0.19871874	-0.18914193	9.7324295
7565967222978	0.24660277	-0.14844051	9.694122
7565987334062	0.23942018	-0.18195933	9.770737
7566007475664	0.19393034	-0.17477672	9.730036
7566027617265	0.19393034	-0.18195933	9.696517
7566047728349	0.20590134	-0.1364695	9.7324295
7566067839433	0.20590134	-0.15083471	9.706094
7566087950517	0.23942018	-0.1364695	9.727641
7566108092119	0.260968	-0.12210429	9.710882
7566128233721	0.21308395	-0.14844051	9.6845455
7566148375322	0.20350714	-0.18195933	9.739613
7566168455888	0.21068975	-0.11252748	9.78989
7566188566972	0.22026655	-0.16998832	9.691729
7566208708574	0.19393034	-0.15322891	9.749189
7566228880693	0.18435353	-0.1604115	9.636662
7566249022295	0.21787235	-0.17717093	9.730036
7566269163896	0.16519992	-0.18914193	9.694122
7566289305498	0.24420857	-0.12210429	9.703699
7566309447099	0.23942018	-0.20111294	9.706094
7566329588701	0.20111294	-0.16998832	9.703699
7566349699785	0.14604631	-0.15322891	9.718064
7566369841387	0.22266077	-0.19871874	9.7563715
7566389982988	0.17717093	-0.16280572	9.722853
7566410124590	0.17717093	-0.19871874	9.768343
7566430266191	0.17717093	-0.06943185	9.749189
7566450377275	0.24899697	-0.14844051	9.7803135
7566470518877	0.16759412	-0.18435353	9.77792
7566490629961	0.23223756	-0.15083471	9.737218
7566510741045	0.19871874	-0.21547815	9.722853
7566530882646	0.20111294	-0.17477672	9.78989
7566551024248	0.22266077	-0.19632454	9.722853
7566571135332	0.21787235	-0.15322891	9.7324295
7566591246416	0.20350714	-0.17477672	9.665392
7566611357500	0.20590134	-0.08619126	9.722853
7566631529619	0.22744916	-0.1412579	9.768343
7566651640703	0.11252748	-0.16759412	9.739613
7566671782305	0.19393034	-0.19153613	9.7563715
7566691923906	0.18435353	-0.15562311	9.722853
7566712065508	0.23942018	-0.15562311	9.696517
7566732176592	0.25139117	-0.1412579	9.758766
7566752318193	0.22744916	-0.17956513	9.737218
7566772429277	0.17717093	-0.110133275	9.749189
7566792540361	0.24181437	-0.18435353	9.703699
7566812681963	0.1388637	-0.21308395	9.775525
7566832823564	0.23702596	-0.1604115	9.787497
7566852965166	0.22026655	-0.22984336	9.694122
7566873106767	0.22266077	-0.1604115	9.67018
7566893217851	0.17956513	-0.21547815	9.7803135
7566913328935	0.15562311	-0.16759412	9.739613
7566933501055	0.22984336	-0.18914193	9.703699
7566953642656	0.20829555	-0.16998832	9.7084875
7566973753740	0.23702596	-0.16759412	9.753978
7566993864824	0.24660277	-0.18195933	9.770737
7567014006426	0.2705448	-0.17238252	9.722853
7567034117510	0.19393034	-0.18914193	9.679757
7567054259111	0.24660277	-0.17477672	9.758766
7567074400713	0.19871874	-0.24899697	9.76116
7567094542314	0.23223756	-0.16519992	9.674969
7567114653398	0.22984336	-0.1364695	9.765948
7567134795000	0.20590134	-0.15322891	9.713276
7567154936601	0.19871874	-0.1388637	9.749189
7567175078203	0.22266077	-0.11731588	9.7803135
7567195219805	0.19393034	-0.1412579	9.710882
7567215361406	0.16759412	-0.17717093	9.722853
7567235503008	0.20111294	-0.1340753	9.770737
7567255644609	0.20829555	-0.1604115	9.744401
7567275786211	0.22505496	-0.14844051	9.720459
7567295927812	0.17238252	-0.22026655	9.701305
7567316099931	0.21308395	-0.16998832	9.775525
7567336272051	0.24899697	-0.110133275	9.730036
7567356413652	0.15801731	-0.16998832	9.67018
7567376555254	0.2801216	-0.17477672	9.710882
7567396666338	0.17717093	-0.12689269	9.696517
7567416777422	0.23463176	-0.11492168	9.753978
7567436949541	0.2801216	-0.1340753	9.720459
7567457091142	0.24660277	-0.16759412	9.703699
7567477202226	0.23942018	-0.19153613	9.715671
7567497313310	0.260968	-0.1340753	9.679757
7567517424394	0.2633622	-0.16519992	9.753978
7567537565996	0.21308395	-0.20350714	9.742006
7567557707597	0.19393034	-0.16998832	9.744401
7567577849199	0.2633622	-0.20350714	9.725247
7567597990801	0.19871874	-0.11731588	9.737218
7567618132402	0.20829555	-0.17238252	9.742006
7567638243486	0.19393034	-0.12449849	9.720459
7567658385088	0.22984336	-0.16280572	9.703699
7567678526689	0.17477672	-0.15083471	9.758766
7567698637773	0.17956513	-0.19871874	9.718064
7567718748857	0.14844051	-0.17477672	9.742006
7567738920976	0.25139117	-0.12689269	9.7563715
7567759032060	0.25617957	-0.1316811	9.749189
7567779143144	0.17717093	-0.15083471	9.725247
7567799254228	0.21068975	-0.1436521	9.706094
7567819395830	0.1316811	-0.15083471	9.679757
7567839506914	0.20590134	-0.1316811	9.706094
7567859617998	0.25378537	-0.22984336	9.737218
7567879759599	0.17477672	-0.20350714	9.773131
7567899901201	0.22744916	-0.1436521	9.722853
7567920042803	0.23942018	-0.1412579	9.7324295
7567940214922	0.23463176	-0.12689269	9.718064
7567960356523	0.16519992	-0.1364695	9.722853
7567980437090	0.23942018	-0.18914193	9.701305
7568000548174	0.30406362	-0.17477672	9.715671
7568020659258	0.2681506	-0.12449849	9.715671
7568040800859	0.23463176	-0.1316811	9.703699
7568060911943	0.16998832	-0.19153613	9.718064
7568081023027	0.19153613	-0.15801731	9.765948
7568101164629	0.23463176	-0.11731588	9.710882
7568121306230	0.2657564	-0.16998832	9.7084875
7568141417314	0.18914193	-0.1316811	9.730036
7568161558916	0.23942018	-0.1412579	9.737218
7568181670000	0.1436521	-0.17477672	9.753978
7568201781084	0.22505496	-0.18435353	9.727641
7568221892168	0.2873042	-0.15083471	9.8042555
7568242003252	0.24899697	-0.2825158	9.701305
7568262144853	0.1604115	-0.20111294	9.725247
7568282286455	0.20590134	-0.21787235	9.737218
7568302397539	0.21547815	-0.19153613	9.744401
7568322508623	0.20829555	-0.19153613	9.667787
7568342650224	0.22266077	-0.15801731	9.627085
7568362791826	0.24420857	-0.23223756	9.770737
7568382872392	0.20111294	-0.20590134	9.904813
7568403013994	0.18674773	-0.107739076	9.485827
7568423094560	0.2705448	-0.107739076	9.677363
7568443236162	0.23463176	-0.23942018	9.696517
7568463377763	0.19871874	-0.15562311	9.773131
7568483519365	0.17956513	-0.11731588	9.689334
7568503660967	0.29688102	-0.14604631	9.792285
7568523802568	0.2753332	-0.15801731	9.617508
7568543974687	0.20111294	-0.110133275	9.720459
7568564116289	0.18435353	-0.17477672	9.744401
7568584257890	0.22744916	-0.24420857	9.7084875
7568604368974	0.2657564	-0.17956513	9.725247
7568624510576	0.19632454	-0.15562311	9.768343
7568644652178	0.18195933	-0.18435353	9.753978
7568664793779	0.22984336	-0.110133275	9.507375
7568684935381	0.15322891	-0.24899697	9.421184
7568705076982	0.17238252	-0.20350714	10.307038
7568725218584	0.25857377	-0.019153614	9.631873
7568745360185	0.25617957	-0.007182605	9.603143
7568765501787	0.2777274	-0.34955344	9.94312
7568785582353	0.19153613	-0.21547815	9.399636
7568805723955	0.15322891	-0.12689269	9.895236
7568825835039	0.20111294	-0.1316811	9.648633
7568845976640	0.37110126	-0.17477672	9.775525
7568866087724	0.21787235	-0.15083471	9.775525
7568886229326	0.23463176	-0.090979666	9.770737
7568906340410	0.24420857	-0.3184288	9.7324295
7568926482012	0.18914193	-0.21308395	9.660604
7568946623613	0.15083471	-0.05267244	9.722853
7568966765215	0.2896984	-0.11731588	9.746795
7568986876299	0.22984336	-0.17238252	9.725247
7569007017900	0.20829555	-0.17717093	9.660604
7569027159502	0.14604631	-0.23702596	9.749189
7569047301103	0.25857377	-0.18435353	9.655815
7569067442705	0.23942018	-0.12449849	9.770737
7569087553789	0.24181437	-0.076614454	9.672575
7569107664873	0.21068975	-0.18435353	9.720459
7569127775957	0.19871874	-0.16280572	9.842564
7569147948076	0.22984336	-0.17477672	9.672575
7569168089678	0.17717093	-0.17238252	9.730036
7569188231279	0.24899697	-0.16519992	9.753978
7569208342363	0.24899697	-0.12928689	9.775525
7569228453447	0.21547815	-0.15562311	9.737218
7569248625566	0.2705448	-0.20350714	9.706094
7569268736650	0.2777274	-0.20111294	9.713276
7569288847734	0.20111294	-0.12928689	9.730036
7569308989336	0.22026655	-0.09816227	9.7084875
7569329100420	0.2873042	-0.17477672	9.703699
7569349242021	0.16519992	-0.1436521	9.727641
7569369383623	0.16519992	-0.12210429	9.691729
7569389525224	0.22266077	-0.110133275	9.727641
7569409636308	0.20829555	-0.16759412	9.7803135
7569429777910	0.14844051	-0.16759412	9.734824
7569449919512	0.23942018	-0.22505496	9.730036
7569470061113	0.18195933	-0.18195933	9.713276
7569490202715	0.23942018	-0.11492168	9.739613
7569510313799	0.20829555	-0.20350714	9.744401
7569530455400	0.2633622	-0.22505496	9.813833
7569550597002	0.21787235	-0.1364695	9.730036
7569570738603	0.17477672	-0.21308395	9.758766
7569590880205	0.19632454	-0.18435353	9.742006
7569610991289	0.17717093	-0.19153613	9.718064
7569631132890	0.2825158	-0.15562311	9.799467
7569651274492	0.23463176	-0.10534488	9.770737
7569671385576	0.18195933	-0.18674773	9.677363
7569691466142	0.22266077	-0.1436521	9.737218
7569711607744	0.22266077	-0.20111294	9.710882
7569731718828	0.21068975	-0.22984336	9.737218
7569751890947	0.20590134	-0.16998832	9.715671
7569772032549	0.21787235	-0.1316811	9.7803135
7569792143633	0.21787235	-0.1604115	9.746795
7569812285234	0.23463176	-0.08619126	9.7563715
7569832396318	0.22026655	-0.18195933	9.763555
7569852507402	0.23463176	-0.21547815	9.737218
7569872649004	0.25378537	-0.19632454	9.727641
7569892760088	0.15562311	-0.20111294	9.718064
7569912901689	0.24899697	-0.19153613	9.703699
7569933043291	0.2657564	-0.12449849	9.698911
7569953154375	0.22026655	-0.12689269	9.691729
7569973295976	0.20829555	-0.20111294	9.710882
7569993437578	0.21308395	-0.12928689	9.763555
7570013548662	0.22026655	-0.1340753	9.739613
7570033690263	0.19632454	-0.15801731	9.698911
7570053831865	0.272939	-0.1412579	9.718064
7570073973467	0.20350714	-0.17238252	9.727641
7570094084551	0.23463176	-0.17238252	9.770737
7570114195635	0.20350714	-0.19632454	9.698911
7570134337236	0.21068975	-0.15322891	9.727641
7570154478838	0.23223756	-0.20350714	9.734824
7570174620439	0.25378537	-0.16759412	9.725247
7570194762041	0.19153613	-0.18195933	9.773131
7570214873125	0.24420857	-0.24660277	9.746795
7570235014726	0.21547815	-0.1340753	9.706094
7570255125810	0.29927522	-0.20590134	9.7084875
7570275267412	0.17717093	-0.1364695	9.672575
7570295409013	0.22744916	-0.14604631	9.7084875
7570315550615	0.25617957	-0.18674773	9.713276
7570335692217	0.15562311	-0.12928689	9.694122
7570355864336	0.17477672	-0.1316811	9.773131
7570376005937	0.24899697	-0.17238252	9.713276
7570396147539	0.2873042	-0.21787235	9.65821
7570416289140	0.25617957	-0.21308395	9.710882
7570436430742	0.24181437	-0.15083471	9.727641
7570456541826	0.17717093	-0.1364695	9.773131
7570476683428	0.24181437	-0.16280572	9.737218
7570496825029	0.18435353	-0.18195933	9.753978
7570516936113	0.20829555	-0.18674773	9.751583
7570537047197	0.20350714	-0.18435353	9.710882
7570557219316	0.20350714	-0.22744916	9.763555
7570577299883	0.23223756	-0.076614454	9.768343
7570597441484	0.2753332	-0.21787235	9.739613
7570617552568	0.260968	-0.16280572	9.734824
7570637694170	0.2896984	-0.14604631	9.6845455
7570657835771	0.24181437	-0.18674773	9.773131
7570677946855	0.18195933	-0.18195933	9.7563715
7570698088457	0.20350714	-0.20350714	9.792285
7570718199541	0.24420857	-0.17477672	9.775525
7570738341142	0.25378537	-0.18674773	9.734824
7570758482744	0.22026655	-0.1316811	9.682152
7570778593828	0.24420857	-0.18914193	9.7563715
7570798704912	0.17477672	-0.19153613	9.753978
7570818846513	0.23702596	-0.093373865	9.76116
7570838988115	0.18435353	-0.16519992	9.703699
7570859129717	0.20350714	-0.19871874	9.710882
7570879271318	0.18435353	-0.14844051	9.694122
7570899351885	0.18435353	-0.1436521	9.682152
7570919462969	0.22266077	-0.15083471	9.720459
7570939604570	0.22984336	-0.21308395	9.710882
7570959715654	0.20829555	-0.14844051	9.691729
7570979826738	0.21787235	-0.15322891	9.727641
7570999937822	0.23463176	-0.15562311	9.773131
7571020048906	0.25617957	-0.18674773	9.715671
7571040159990	0.24660277	-0.17238252	9.768343
7571060332109	0.22026655	-0.21068975	9.7803135
7571080443193	0.2705448	-0.16759412	9.751583
7571100554277	0.21547815	-0.22266077	9.710882
7571120695879	0.24660277	-0.15801731	9.725247
7571140806963	0.22505496	-0.1604115	9.746795
7571160948564	0.23702596	-0.19632454	9.718064
7571181059648	0.21068975	-0.093373865	9.722853
7571201170732	0.25378537	-0.1604115	9.763555
7571221312334	0.23942018	-0.110133275	9.682152
7571241453935	0.23702596	-0.15562311	9.744401
7571261595537	0.272939	-0.25617957	9.763555
7571281676103	0.17717093	-0.19632454	9.703699
7571301817705	0.22266077	-0.17238252	9.701305
7571321898271	0.23702596	-0.1316811	9.794679
7571342039873	0.23223756	-0.15801731	9.639056
7571362181474	0.16280572	-0.1340753	9.696517
7571382292558	0.23942018	-0.18195933	9.763555
7571402434160	0.21068975	-0.15801731	9.627085
7571422545244	0.18195933	-0.1604115	9.713276
7571442656328	0.19871874	-0.16998832	9.710882
7571462767412	0.2753332	-0.25617957	9.646238
7571482909013	0.22266077	-0.18195933	9.746795
7571503020097	0.17238252	-0.17717093	9.7324295
7571523131181	0.22505496	-0.16519992	9.753978
7571543272783	0.22984336	-0.23223756	9.734824
7571563383867	0.17717093	-0.18435353	9.698911
7571583494951	0.18195933	-0.17717093	9.7563715
7571603606035	0.2753332	-0.16998832	9.76116
7571623717119	0.16998832	-0.22026655	9.682152
7571643828203	0.24181437	-0.1316811	9.718064
7571663939287	0.23223756	-0.2873042	9.76116
7571684080888	0.17238252	-0.1604115	9.768343
7571704191972	0.16519992	-0.15801731	9.694122
7571724333574	0.17956513	-0.16519992	9.7084875
7571744475176	0.19871874	-0.1388637	9.739613
7571764616777	0.20350714	-0.21068975	9.799467
7571784758379	0.24420857	-0.15801731	9.734824
7571804838945	0.25857377	-0.22266077	9.866506
7571824950029	0.21787235	-0.16759412	9.792285
7571845061113	0.25378537	-0.14604631	9.768343
7571865233232	0.2777274	-0.23942018	9.775525
7571885344316	0.24420857	-0.17477672	9.703699
7571905455400	0.23702596	-0.21308395	9.847352
7571925597002	0.22266077	-0.12689269	9.765948
7571945708086	0.21068975	-0.22266077	9.6845455
7571965849687	0.2657564	-0.16759412	9.753978
7571985960771	0.22744916	-0.1436521	9.720459
7572006071855	0.22026655	-0.1388637	9.792285
7572026182939	0.15562311	-0.1604115	9.7324295
7572046324541	0.15562311	-0.17956513	9.636662
7572066435625	0.22984336	-0.1412579	9.749189
7572086577226	0.22266077	-0.19153613	9.68694
7572106718828	0.21308395	-0.19153613	9.710882
7572126799394	0.16998832	-0.20590134	9.7563715
7572146940996	0.22026655	-0.1316811	9.667787
7572167082597	0.17956513	-0.17717093	9.797073
7572187163164	0.19393034	-0.16998832	9.646238
7572207274248	0.21308395	-0.12449849	9.727641
7572227415849	0.25378537	-0.14604631	9.7324295
7572247557451	0.19393034	-0.15083471	9.672575
7572267668535	0.22744916	-0.12449849	9.7803135
7572287810137	0.2633622	-0.18674773	9.653421
7572307951738	0.29209262	-0.21308395	9.787497
7572328093340	0.19632454	-0.12689269	9.775525
7572348234941	0.24420857	-0.21308395	9.730036
7572368376543	0.22026655	-0.24660277	9.727641
7572388487627	0.19153613	-0.18914193	9.782708
7572408598711	0.25139117	-0.18195933	9.758766
7572428740312	0.260968	-0.1412579	9.703699
7572448851396	0.21547815	-0.18914193	9.746795
7572468992998	0.16519992	-0.16998832	9.737218
7572489104082	0.2777274	-0.19153613	9.739613
7572509215166	0.17717093	-0.16280572	9.749189
7572529356767	0.20350714	-0.23463176	9.691729
7572549498369	0.22744916	-0.11731588	9.763555
7572569639971	0.24181437	-0.17717093	9.713276
7572589781572	0.2657564	-0.18914193	9.7563715
7572609923174	0.24181437	-0.16998832	9.730036
7572630034258	0.21547815	-0.21308395	9.734824
7572650175859	0.21787235	-0.20350714	9.667787
7572670317461	0.24660277	-0.18435353	9.471462
7572690459062	0.22984336	-0.1316811	10.292673
7572710600664	0.25378537	-0.1412579	9.504981
7572730711748	0.2633622	-0.23223756	9.967062
7572750853349	0.20590134	-0.15083471	9.672575
7572770964433	0.21068975	-0.107739076	9.655815
7572791075517	0.25139117	-0.20111294	9.7803135
7572811186601	0.2825158	-0.19393034	9.720459
7572831297685	0.20590134	-0.14844051	9.703699
7572851378252	0.22505496	-0.16280572	9.742006
7572871519853	0.2633622	-0.15801731	9.55047
7572891661455	0.15083471	-0.22984336	9.775525
7572911803056	0.18195933	-0.14844051	9.797073
7572931944658	0.2753332	-0.15562311	9.751583
7572952055742	0.24899697	-0.19393034	9.674969
7572972197344	0.25857377	-0.17238252	10.093954
7572992338945	0.23702596	-0.15562311	9.76116
7573012450029	0.22505496	-0.1436521	9.715671
7573032561113	0.22744916	-0.18914193	9.713276
7573052672197	0.21787235	-0.17477672	9.758766
7573072813799	0.24181437	-0.14844051	9.703699
7573092955400	0.24181437	-0.12928689	9.773131
7573113097002	0.2633622	-0.23942018	9.725247
7573133208086	0.19393034	-0.18674773	9.725247
7573153349687	0.19393034	-0.11971009	9.691729
7573173491289	0.1412579	-0.1436521	9.753978
7573193571855	0.24420857	-0.107739076	9.811439
7573213682939	0.20111294	-0.15801731	9.694122
7573233794023	0.23223756	-0.16759412	9.768343
7573253905107	0.260968	-0.17717093	9.775525
7573274016191	0.20590134	-0.23702596	9.674969
7573294127275	0.260968	-0.22026655	9.665392
7573314238359	0.19153613	-0.20111294	9.818622
7573334349443	0.25617957	-0.1436521	9.770737
7573354491045	0.23942018	-0.17477672	9.706094
7573374632646	0.22744916	-0.18914193	9.751583
7573394743730	0.24181437	-0.1340753	9.7563715
7573414854814	0.2873042	-0.17238252	9.715671
7573434965898	0.2633622	-0.2633622	9.749189
7573455076982	0.24899697	-0.12689269	9.674969
7573475218584	0.24660277	-0.18674773	9.722853
7573495329668	0.21068975	-0.18914193	9.753978
7573515440752	0.23942018	-0.20350714	9.696517
7573535551836	0.19871874	-0.19393034	9.694122
7573555662920	0.25378537	-0.1316811	9.737218
7573575835039	0.18195933	-0.1364695	9.694122
7573595946123	0.20829555	-0.16280572	9.744401
7573616087724	0.24899697	-0.15083471	9.746795
7573636168291	0.2825158	-0.12210429	9.739613
7573656279375	0.23702596	-0.19393034	9.782708
7573676451494	0.23702596	-0.11492168	9.710882
7573696562578	0.21547815	-0.19632454	9.742006
7573716704180	0.1604115	-0.15322891	9.7563715
7573736845781	0.20111294	-0.19632454	9.653421
7573756987383	0.20111294	-0.1604115	9.7084875
7573777128984	0.21308395	-0.14844051	9.775525
7573797209551	0.19871874	-0.17238252	9.701305
7573817320635	0.2705448	-0.19632454	9.713276
7573837431719	0.19871874	-0.17717093	9.739613
7573857542803	0.22984336	-0.1316811	9.746795
7573877653887	0.18435353	-0.17238252	9.758766
7573897764971	0.20590134	-0.1364695	9.794679
7573917906572	0.21308395	-0.17717093	9.665392
7573937987138	0.21068975	-0.21787235	9.864111
7573958098222	0.16519992	-0.11252748	9.739613
7573978270342	0.24181437	-0.1436521	9.720459
7573998350908	0.18674773	-0.2657564	9.742006
7574018492510	0.23463176	-0.18435353	9.672575
7574038603594	0.21308395	-0.12689269	9.749189
7574058714678	0.15562311	-0.19632454	9.703699
7574078856279	0.20590134	-0.11492168	9.765948
7574098967363	0.23702596	-0.12689269	9.775525
7574119078447	0.17717093	-0.21068975	9.773131
7574139189531	0.23223756	-0.22026655	9.742006
7574159331133	0.21547815	-0.19393034	9.68694
7574179472734	0.23223756	-0.14844051	9.65821
7574199614336	0.16759412	-0.18195933	9.703699
7574219725420	0.23702596	-0.1412579	9.801862
7574239805986	0.272939	-0.12689269	9.730036
7574259917070	0.18195933	-0.22744916	9.696517
7574280089189	0.10055647	-0.23942018	9.722853
7574300200273	0.19153613	-0.12689269	9.64145
7574320311357	0.23702596	-0.24181437	9.7563715
7574340422441	0.20829555	-0.15083471	9.727641
7574360564043	0.21068975	-0.12689269	9.64145
7574380705644	0.23702596	-0.15562311	9.749189
7574400816728	0.2657564	-0.20829555	9.6845455
7574420958330	0.15322891	-0.21308395	9.770737
7574441038896	0.29688102	-0.11492168	9.749189
7574461180498	0.25857377	-0.15801731	9.785102
7574481322099	0.1604115	-0.08140286	9.749189
7574501433183	0.25139117	-0.19393034	9.753978
7574521544267	0.25857377	-0.18195933	9.519346
7574541655351	0.09816227	-0.1412579	9.967062
7574561766435	0.20829555	-0.093373865	9.600749
7574581908037	0.2873042	-0.1436521	9.583989
7574602049638	0.15083471	-0.12689269	9.734824
7574622191240	0.25617957	-0.11971009	9.78989
7574642302324	0.17956513	-0.20111294	9.78989
7574662443926	0.2633622	-0.1340753	9.713276
7574682585527	0.24181437	-0.19632454	9.742006
7574702696611	0.21068975	-0.18674773	9.727641
7574722807695	0.21787235	-0.14604631	9.651027
7574742918779	0.23463176	-0.20590134	9.715671
7574763029863	0.20590134	-0.18674773	9.792285
7574783201982	0.24420857	-0.16280572	9.742006
7574803282549	0.18195933	-0.14604631	9.68694
7574823424150	0.18195933	-0.12928689	9.730036
7574843565752	0.18674773	-0.16280572	9.770737
7574863676836	0.22984336	-0.23223756	9.758766
7574883818437	0.22744916	-0.15801731	9.749189
7574903929521	0.20829555	-0.12449849	9.763555
7574924040605	0.25617957	-0.23942018	9.65821
7574944151689	0.22744916	-0.18435353	9.691729
7574964293291	0.20111294	-0.19153613	9.718064
7574984434892	0.24181437	-0.25378537	9.727641
7575004515459	0.16759412	-0.16998832	9.765948
7575024626543	0.2801216	-0.12210429	9.734824
7575044737627	0.22505496	-0.16519992	9.739613
7575064848711	0.16280572	-0.22505496	9.742006
7575084990312	0.25617957	-0.17238252	9.7324295
7575105101396	0.19632454	-0.17956513	9.722853
7575125242998	0.19632454	-0.17717093	9.6845455
7575145323564	0.20590134	-0.16759412	9.849746
7575165465166	0.18914193	-0.12928689	9.677363
7575185576250	0.23702596	-0.24660277	9.744401
7575205687334	0.21787235	-0.17238252	9.828198
7575225828935	0.22266077	-0.15083471	9.679757
7575245940019	0.24660277	-0.15083471	9.742006
7575266020586	0.19632454	-0.23702596	9.710882
7575286101152	0.21068975	-0.14844051	9.746795
7575306212236	0.1604115	-0.07182605	9.744401
7575326323320	0.19632454	-0.110133275	9.765948
7575346434404	0.23942018	-0.1604115	9.737218
7575366576006	0.21308395	-0.10295067	9.710882
7575386748125	0.2681506	-0.16519992	9.734824
7575406859209	0.17956513	-0.18914193	9.7324295
7575426970293	0.16519992	-0.17477672	9.768343
7575447081377	0.23463176	-0.23702596	9.696517
7575467192461	0.2825158	-0.15801731	9.7563715
7575487303545	0.21787235	-0.21787235	9.727641
7575507414629	0.20350714	-0.11971009	9.715671
7575527525713	0.2705448	-0.18914193	9.727641
7575547636797	0.16759412	-0.1316811	9.746795
7575567778398	0.20111294	-0.18195933	9.7084875
7575587889482	0.20111294	-0.21068975	9.758766
7575608000566	0.24660277	-0.16280572	9.765948
7575628111650	0.18674773	-0.17717093	9.744401
7575648222734	0.25617957	-0.19632454	9.749189
7575668333818	0.260968	-0.12689269	9.710882
7575688444902	0.21068975	-0.17238252	9.758766
7575708586504	0.1316811	-0.1364695	9.706094
7575728697588	0.20111294	-0.12928689	9.775525
7575748839189	0.21547815	-0.17717093	9.67018
7575768950273	0.33997664	-0.17956513	9.792285
7575789091875	0.25617957	-0.18435353	9.725247
7575809233476	0.25139117	-0.16280572	9.763555
7575829314043	0.2753332	-0.18195933	9.725247
7575849425127	0.18195933	-0.12689269	9.7084875
7575869536211	0.22505496	-0.15801731	9.725247
7575889647295	0.20590134	-0.1340753	9.682152
7575909788896	0.2705448	-0.15322891	9.770737
7575929869463	0.14604631	-0.20590134	9.7324295
7575949980547	0.24181437	-0.17238252	9.7563715
7575970091631	0.24181437	-0.10534488	9.749189
7575990202715	0.17956513	-0.1388637	9.765948
7576010313799	0.2753332	-0.11731588	9.727641
7576030424883	0.24420857	-0.16519992	9.677363
7576050535967	0.24181437	-0.17717093	9.727641
7576070647051	0.1412579	-0.15322891	9.830592
7576090788652	0.2633622	-0.23223756	9.679757
7576110899736	0.21787235	-0.1412579	9.792285
7576131010820	0.19871874	-0.11492168	9.694122
7576151121904	0.21068975	-0.16519992	9.758766
7576171232988	0.25857377	-0.16280572	9.694122
7576191344072	0.20829555	-0.18435353	9.734824
7576211455156	0.23463176	-0.16280572	9.509769
7576231566240	0.11492168	-0.21787235	10.0269165
7576251677324	0.22505496	-0.15322891	9.598354
7576271788408	0.33997664	-0.20829555	9.768343
7576291930010	0.18195933	-0.16280572	9.7324295
7576312041094	0.24420857	-0.1340753	9.734824
7576332152178	0.17956513	-0.20350714	9.782708
7576352263262	0.22744916	-0.107739076	9.55047
7576372404863	0.24660277	-0.20829555	9.842564
7576392546465	0.21547815	-0.272939	9.703699
7576412657549	0.24420857	-0.21547815	9.787497
7576432799150	0.24420857	-0.1412579	9.85214
7576452910234	0.18435353	-0.110133275	9.746795
7576473021318	0.11492168	-0.17238252	9.746795
7576493162920	0.16519992	-0.18914193	10.038888
7576513274004	0.19871874	-0.21308395	9.665392
7576533385088	0.2753332	-0.21068975	10.053253
7576553496172	0.20590134	-0.08379706	9.615114
7576573607256	0.20829555	-0.20829555	9.595961
7576593779375	0.22984336	-0.30406362	9.847352
7576613920976	0.1340753	-0.1316811	9.461885
7576634032060	0.18435353	-0.19393034	9.797073
7576654173662	-0.1604115	-1.0702082	12.706028
7576674284746	-0.2825158	-0.79008657	8.746018
7576694426347	0.21787235	0.090979666	9.409213
7576714567949	0.2896984	-0.36631286	10.177752